#Coverage	Number of genomic locations
0.0	2.361245898E9
1.0	3.99817352E8
2.0	2.64750108E8
3.0	7.8955213E7
4.0	4.6954607E7
5.0	2.0160925E7
6.0	1.2272175E7
7.0	7265005.0
8.0	5147105.0
9.0	3866858.0
10.0	3141766.0
11.0	2671118.0
12.0	2356180.0
13.0	2105178.0
14.0	1927736.0
15.0	1773116.0
16.0	1654891.0
17.0	1553680.0
18.0	1462739.0
19.0	1381782.0
20.0	1316763.0
21.0	1255147.0
22.0	1204038.0
23.0	1154666.0
24.0	1111089.0
25.0	1070418.0
26.0	1031035.0
27.0	996583.0
28.0	965678.0
29.0	937912.0
30.0	910597.0
31.0	885640.0
32.0	866346.0
33.0	843975.0
34.0	824713.0
35.0	806862.0
36.0	788239.0
37.0	771343.0
38.0	757971.0
39.0	743196.0
40.0	729647.0
41.0	717538.0
42.0	705226.0
43.0	694854.0
44.0	682333.0
45.0	671602.0
46.0	662409.0
47.0	652132.0
48.0	643257.0
49.0	633541.0
50.0	625198.0
51.0	618080.0
52.0	611383.0
53.0	603131.0
54.0	595403.0
55.0	588715.0
56.0	580408.0
57.0	570853.0
58.0	566247.0
59.0	559141.0
60.0	551771.0
61.0	546143.0
62.0	540461.0
63.0	532191.0
64.0	527179.0
65.0	521990.0
66.0	514841.0
67.0	507011.0
68.0	500890.0
69.0	496268.0
70.0	490565.0
71.0	485404.0
72.0	481907.0
73.0	474748.0
74.0	470015.0
75.0	463225.0
76.0	456928.0
77.0	450790.0
78.0	447180.0
79.0	442946.0
80.0	437775.0
81.0	432401.0
82.0	429448.0
83.0	425353.0
84.0	420123.0
85.0	416113.0
86.0	409739.0
87.0	406895.0
88.0	400296.0
89.0	395906.0
90.0	392046.0
91.0	387268.0
92.0	383388.0
93.0	378974.0
94.0	377061.0
95.0	372452.0
96.0	369249.0
97.0	364643.0
98.0	361874.0
99.0	358136.0
100.0	352915.0
101.0	350394.0
102.0	347690.0
103.0	343155.0
104.0	340742.0
105.0	338415.0
106.0	335062.0
107.0	331268.0
108.0	327417.0
109.0	324504.0
110.0	320890.0
111.0	317106.0
112.0	314778.0
113.0	311394.0
114.0	308681.0
115.0	305577.0
116.0	302666.0
117.0	299146.0
118.0	296128.0
119.0	293757.0
120.0	290564.0
121.0	287192.0
122.0	284077.0
123.0	281454.0
124.0	279316.0
125.0	276101.0
126.0	273327.0
127.0	270904.0
128.0	268137.0
129.0	264488.0
130.0	261820.0
131.0	259146.0
132.0	255819.0
133.0	254143.0
134.0	251309.0
135.0	249067.0
136.0	245505.0
137.0	242943.0
138.0	240290.0
139.0	238934.0
140.0	235551.0
141.0	233851.0
142.0	230633.0
143.0	229267.0
144.0	226996.0
145.0	223430.0
146.0	221182.0
147.0	219149.0
148.0	217072.0
149.0	214757.0
150.0	211721.0
151.0	209448.0
152.0	207245.0
153.0	205164.0
154.0	201974.0
155.0	199823.0
156.0	197128.0
157.0	195048.0
158.0	192164.0
159.0	190579.0
160.0	187978.0
161.0	185856.0
162.0	183652.0
163.0	181672.0
164.0	179658.0
165.0	178096.0
166.0	175989.0
167.0	174306.0
168.0	172771.0
169.0	169534.0
170.0	167120.0
171.0	165891.0
172.0	163557.0
173.0	161581.0
174.0	161110.0
175.0	158005.0
176.0	156670.0
177.0	154101.0
178.0	152326.0
179.0	150783.0
180.0	149088.0
181.0	147079.0
182.0	145485.0
183.0	142565.0
184.0	141161.0
185.0	139571.0
186.0	137673.0
187.0	135825.0
188.0	133386.0
189.0	131044.0
190.0	130401.0
191.0	128401.0
192.0	127606.0
193.0	125359.0
194.0	124114.0
195.0	121731.0
196.0	120599.0
197.0	118769.0
198.0	116587.0
199.0	114858.0
200.0	113260.0
201.0	112242.0
202.0	110139.0
203.0	109064.0
204.0	107667.0
205.0	105743.0
206.0	104312.0
207.0	102454.0
208.0	100992.0
209.0	100011.0
210.0	98280.0
211.0	97449.0
212.0	95681.0
213.0	93633.0
214.0	92452.0
215.0	91200.0
216.0	89375.0
217.0	88584.0
218.0	87350.0
219.0	86397.0
220.0	84302.0
221.0	83295.0
222.0	82020.0
223.0	80906.0
224.0	79446.0
225.0	78452.0
226.0	77421.0
227.0	76204.0
228.0	74756.0
229.0	73636.0
230.0	73420.0
231.0	71892.0
232.0	70734.0
233.0	69624.0
234.0	68190.0
235.0	67532.0
236.0	66211.0
237.0	65323.0
238.0	64303.0
239.0	63162.0
240.0	62356.0
241.0	61248.0
242.0	59861.0
243.0	59348.0
244.0	58161.0
245.0	56884.0
246.0	55835.0
247.0	54749.0
248.0	54362.0
249.0	53523.0
250.0	52613.0
251.0	51831.0
252.0	51382.0
253.0	50544.0
254.0	49822.0
255.0	48718.0
256.0	48221.0
257.0	47096.0
258.0	46250.0
259.0	45688.0
260.0	44386.0
261.0	43882.0
262.0	42939.0
263.0	41912.0
264.0	41211.0
265.0	40696.0
266.0	39989.0
267.0	38885.0
268.0	38016.0
269.0	37691.0
270.0	37258.0
271.0	36415.0
272.0	36177.0
273.0	35550.0
274.0	34672.0
275.0	34166.0
276.0	33722.0
277.0	33037.0
278.0	32145.0
279.0	31748.0
280.0	31013.0
281.0	30738.0
282.0	30280.0
283.0	29744.0
284.0	29146.0
285.0	29003.0
286.0	28340.0
287.0	27442.0
288.0	27522.0
289.0	26226.0
290.0	25927.0
291.0	25335.0
292.0	24963.0
293.0	24393.0
294.0	23985.0
295.0	23589.0
296.0	22967.0
297.0	22470.0
298.0	22391.0
299.0	21891.0
300.0	21150.0
301.0	20896.0
302.0	20628.0
303.0	20114.0
304.0	19803.0
305.0	19333.0
306.0	18942.0
307.0	18480.0
308.0	18226.0
309.0	18011.0
310.0	17727.0
311.0	17050.0
312.0	17105.0
313.0	16681.0
314.0	16496.0
315.0	16098.0
316.0	15796.0
317.0	15573.0
318.0	15335.0
319.0	14849.0
320.0	14514.0
321.0	14395.0
322.0	14286.0
323.0	13902.0
324.0	13905.0
325.0	13463.0
326.0	13211.0
327.0	12692.0
328.0	12456.0
329.0	12154.0
330.0	12001.0
331.0	11678.0
332.0	11664.0
333.0	11221.0
334.0	11024.0
335.0	11087.0
336.0	10756.0
337.0	10638.0
338.0	10337.0
339.0	10293.0
340.0	9800.0
341.0	9678.0
342.0	9674.0
343.0	9251.0
344.0	9007.0
345.0	8874.0
346.0	8834.0
347.0	8498.0
348.0	8377.0
349.0	8063.0
350.0	7959.0
351.0	7822.0
352.0	7688.0
353.0	7752.0
354.0	7488.0
355.0	7223.0
356.0	7108.0
357.0	7082.0
358.0	6995.0
359.0	6812.0
360.0	6563.0
361.0	6538.0
362.0	6448.0
363.0	6327.0
364.0	6206.0
365.0	5837.0
366.0	5768.0
367.0	5873.0
368.0	5686.0
369.0	5474.0
370.0	5359.0
371.0	5298.0
372.0	5296.0
373.0	5047.0
374.0	5177.0
375.0	4940.0
376.0	4869.0
377.0	4727.0
378.0	4686.0
379.0	4689.0
380.0	4512.0
381.0	4467.0
382.0	4361.0
383.0	4339.0
384.0	4264.0
385.0	4192.0
386.0	4157.0
387.0	3905.0
388.0	3799.0
389.0	3944.0
390.0	3696.0
391.0	3676.0
392.0	3605.0
393.0	3539.0
394.0	3446.0
395.0	3447.0
396.0	3317.0
397.0	3220.0
398.0	3214.0
399.0	3204.0
400.0	3124.0
401.0	3055.0
402.0	3031.0
403.0	2923.0
404.0	2895.0
405.0	2844.0
406.0	2769.0
407.0	2730.0
408.0	2594.0
409.0	2464.0
410.0	2616.0
411.0	2587.0
412.0	2479.0
413.0	2467.0
414.0	2363.0
415.0	2297.0
416.0	2213.0
417.0	2229.0
418.0	2177.0
419.0	2077.0
420.0	2026.0
421.0	2042.0
422.0	1953.0
423.0	1956.0
424.0	1804.0
425.0	1879.0
426.0	1787.0
427.0	1790.0
428.0	1671.0
429.0	1716.0
430.0	1688.0
431.0	1765.0
432.0	1641.0
433.0	1649.0
434.0	1686.0
435.0	1644.0
436.0	1595.0
437.0	1539.0
438.0	1562.0
439.0	1523.0
440.0	1444.0
441.0	1421.0
442.0	1414.0
443.0	1404.0
444.0	1433.0
445.0	1418.0
446.0	1315.0
447.0	1264.0
448.0	1330.0
449.0	1268.0
450.0	1268.0
451.0	1180.0
452.0	1162.0
453.0	1216.0
454.0	1128.0
455.0	1089.0
456.0	1074.0
457.0	1136.0
458.0	1024.0
459.0	1037.0
460.0	1030.0
461.0	1038.0
462.0	1030.0
463.0	985.0
464.0	938.0
465.0	933.0
466.0	937.0
467.0	953.0
468.0	925.0
469.0	947.0
470.0	891.0
471.0	870.0
472.0	857.0
473.0	859.0
474.0	878.0
475.0	848.0
476.0	815.0
477.0	792.0
478.0	789.0
479.0	829.0
480.0	814.0
481.0	793.0
482.0	768.0
483.0	787.0
484.0	732.0
485.0	748.0
486.0	765.0
487.0	760.0
488.0	716.0
489.0	738.0
490.0	707.0
491.0	659.0
492.0	724.0
493.0	633.0
494.0	625.0
495.0	629.0
496.0	609.0
497.0	622.0
498.0	588.0
499.0	573.0
500.0	595.0
501.0	619.0
502.0	610.0
503.0	584.0
504.0	512.0
505.0	561.0
506.0	552.0
507.0	557.0
508.0	496.0
509.0	525.0
510.0	527.0
511.0	507.0
512.0	471.0
513.0	434.0
514.0	492.0
515.0	466.0
516.0	430.0
517.0	448.0
518.0	442.0
519.0	439.0
520.0	429.0
521.0	414.0
522.0	424.0
523.0	391.0
524.0	388.0
525.0	392.0
526.0	369.0
527.0	359.0
528.0	349.0
529.0	360.0
530.0	369.0
531.0	377.0
532.0	357.0
533.0	342.0
534.0	347.0
535.0	352.0
536.0	337.0
537.0	314.0
538.0	316.0
539.0	285.0
540.0	320.0
541.0	299.0
542.0	295.0
543.0	293.0
544.0	291.0
545.0	299.0
546.0	279.0
547.0	272.0
548.0	293.0
549.0	252.0
550.0	263.0
551.0	271.0
552.0	302.0
553.0	272.0
554.0	269.0
555.0	241.0
556.0	285.0
557.0	264.0
558.0	269.0
559.0	251.0
560.0	242.0
561.0	253.0
562.0	218.0
563.0	239.0
564.0	245.0
565.0	246.0
566.0	208.0
567.0	253.0
568.0	213.0
569.0	222.0
570.0	198.0
571.0	236.0
572.0	223.0
573.0	198.0
574.0	228.0
575.0	207.0
576.0	215.0
577.0	227.0
578.0	200.0
579.0	210.0
580.0	206.0
581.0	211.0
582.0	193.0
583.0	201.0
584.0	197.0
585.0	163.0
586.0	194.0
587.0	179.0
588.0	205.0
589.0	195.0
590.0	188.0
591.0	197.0
592.0	191.0
593.0	185.0
594.0	215.0
595.0	162.0
596.0	177.0
597.0	167.0
598.0	177.0
599.0	172.0
600.0	155.0
601.0	167.0
602.0	167.0
603.0	162.0
604.0	175.0
605.0	180.0
606.0	164.0
607.0	155.0
608.0	165.0
609.0	180.0
610.0	181.0
611.0	168.0
612.0	184.0
613.0	152.0
614.0	145.0
615.0	131.0
616.0	173.0
617.0	164.0
618.0	160.0
619.0	122.0
620.0	148.0
621.0	151.0
622.0	152.0
623.0	154.0
624.0	147.0
625.0	137.0
626.0	154.0
627.0	121.0
628.0	161.0
629.0	146.0
630.0	120.0
631.0	140.0
632.0	124.0
633.0	94.0
634.0	118.0
635.0	137.0
636.0	138.0
637.0	121.0
638.0	120.0
639.0	100.0
640.0	121.0
641.0	106.0
642.0	127.0
643.0	107.0
644.0	116.0
645.0	116.0
646.0	96.0
647.0	103.0
648.0	125.0
649.0	111.0
650.0	129.0
651.0	122.0
652.0	134.0
653.0	104.0
654.0	92.0
655.0	110.0
656.0	126.0
657.0	91.0
658.0	97.0
659.0	96.0
660.0	108.0
661.0	105.0
662.0	83.0
663.0	120.0
664.0	109.0
665.0	97.0
666.0	99.0
667.0	87.0
668.0	100.0
669.0	112.0
670.0	110.0
671.0	80.0
672.0	95.0
673.0	93.0
674.0	99.0
675.0	104.0
676.0	75.0
677.0	103.0
678.0	89.0
679.0	93.0
680.0	64.0
681.0	93.0
682.0	85.0
683.0	84.0
684.0	69.0
685.0	92.0
686.0	63.0
687.0	86.0
688.0	68.0
689.0	74.0
690.0	94.0
691.0	73.0
692.0	83.0
693.0	89.0
694.0	81.0
695.0	79.0
696.0	77.0
697.0	79.0
698.0	87.0
699.0	86.0
700.0	54.0
701.0	61.0
702.0	53.0
703.0	74.0
704.0	52.0
705.0	53.0
706.0	63.0
707.0	56.0
708.0	57.0
709.0	68.0
710.0	53.0
711.0	64.0
712.0	56.0
713.0	60.0
714.0	83.0
715.0	73.0
716.0	61.0
717.0	60.0
718.0	78.0
719.0	68.0
720.0	70.0
721.0	68.0
722.0	70.0
723.0	63.0
724.0	70.0
725.0	54.0
726.0	55.0
727.0	65.0
728.0	56.0
729.0	66.0
730.0	62.0
731.0	45.0
732.0	47.0
733.0	59.0
734.0	47.0
735.0	53.0
736.0	43.0
737.0	37.0
738.0	49.0
739.0	27.0
740.0	41.0
741.0	44.0
742.0	39.0
743.0	66.0
744.0	47.0
745.0	45.0
746.0	44.0
747.0	51.0
748.0	38.0
749.0	44.0
750.0	42.0
751.0	51.0
752.0	42.0
753.0	43.0
754.0	32.0
755.0	41.0
756.0	38.0
757.0	39.0
758.0	37.0
759.0	46.0
760.0	39.0
761.0	35.0
762.0	45.0
763.0	34.0
764.0	37.0
765.0	28.0
766.0	28.0
767.0	28.0
768.0	44.0
769.0	44.0
770.0	29.0
771.0	30.0
772.0	35.0
773.0	39.0
774.0	33.0
775.0	38.0
776.0	43.0
777.0	42.0
778.0	39.0
779.0	24.0
780.0	39.0
781.0	39.0
782.0	34.0
783.0	38.0
784.0	38.0
785.0	38.0
786.0	29.0
787.0	30.0
788.0	27.0
789.0	39.0
790.0	31.0
791.0	31.0
792.0	35.0
793.0	38.0
794.0	45.0
795.0	38.0
796.0	36.0
797.0	40.0
798.0	39.0
799.0	31.0
800.0	26.0
801.0	38.0
802.0	35.0
803.0	32.0
804.0	31.0
805.0	36.0
806.0	29.0
807.0	36.0
808.0	26.0
809.0	37.0
810.0	32.0
811.0	38.0
812.0	34.0
813.0	34.0
814.0	24.0
815.0	31.0
816.0	28.0
817.0	28.0
818.0	34.0
819.0	24.0
820.0	32.0
821.0	20.0
822.0	30.0
823.0	22.0
824.0	22.0
825.0	32.0
826.0	34.0
827.0	29.0
828.0	22.0
829.0	29.0
830.0	27.0
831.0	30.0
832.0	22.0
833.0	33.0
834.0	34.0
835.0	30.0
836.0	21.0
837.0	23.0
838.0	25.0
839.0	26.0
840.0	28.0
841.0	22.0
842.0	25.0
843.0	23.0
844.0	26.0
845.0	31.0
846.0	23.0
847.0	16.0
848.0	28.0
849.0	18.0
850.0	12.0
851.0	18.0
852.0	15.0
853.0	18.0
854.0	12.0
855.0	14.0
856.0	25.0
857.0	17.0
858.0	21.0
859.0	14.0
860.0	13.0
861.0	17.0
862.0	19.0
863.0	19.0
864.0	16.0
865.0	15.0
866.0	10.0
867.0	18.0
868.0	17.0
869.0	14.0
870.0	12.0
871.0	19.0
872.0	15.0
873.0	17.0
874.0	27.0
875.0	18.0
876.0	15.0
877.0	15.0
878.0	14.0
879.0	8.0
880.0	13.0
881.0	16.0
882.0	20.0
883.0	19.0
884.0	18.0
885.0	11.0
886.0	14.0
887.0	14.0
888.0	17.0
889.0	11.0
890.0	19.0
891.0	19.0
892.0	15.0
893.0	18.0
894.0	23.0
895.0	14.0
896.0	17.0
897.0	21.0
898.0	12.0
899.0	18.0
900.0	20.0
901.0	16.0
902.0	26.0
903.0	25.0
904.0	23.0
905.0	20.0
906.0	17.0
907.0	15.0
908.0	20.0
909.0	17.0
910.0	18.0
911.0	18.0
912.0	12.0
913.0	23.0
914.0	28.0
915.0	27.0
916.0	10.0
917.0	16.0
918.0	19.0
919.0	21.0
920.0	16.0
921.0	15.0
922.0	19.0
923.0	15.0
924.0	14.0
925.0	9.0
926.0	16.0
927.0	15.0
928.0	31.0
929.0	14.0
930.0	17.0
931.0	13.0
932.0	12.0
933.0	15.0
934.0	11.0
935.0	15.0
936.0	11.0
937.0	18.0
938.0	8.0
939.0	18.0
940.0	10.0
941.0	6.0
942.0	12.0
943.0	16.0
944.0	13.0
945.0	15.0
946.0	8.0
947.0	10.0
948.0	11.0
949.0	9.0
950.0	19.0
951.0	12.0
952.0	10.0
953.0	11.0
954.0	14.0
955.0	11.0
956.0	12.0
957.0	20.0
958.0	8.0
959.0	12.0
960.0	14.0
961.0	13.0
962.0	6.0
963.0	10.0
964.0	12.0
965.0	16.0
966.0	9.0
967.0	6.0
968.0	12.0
969.0	16.0
970.0	9.0
971.0	8.0
972.0	9.0
973.0	12.0
974.0	7.0
975.0	14.0
976.0	10.0
977.0	7.0
978.0	4.0
979.0	6.0
980.0	7.0
981.0	8.0
982.0	12.0
983.0	11.0
984.0	8.0
985.0	4.0
986.0	4.0
987.0	6.0
988.0	5.0
989.0	7.0
990.0	10.0
991.0	7.0
992.0	9.0
993.0	7.0
994.0	6.0
995.0	7.0
996.0	7.0
997.0	5.0
998.0	5.0
999.0	11.0
1000.0	6.0
1001.0	8.0
1002.0	6.0
1003.0	9.0
1004.0	7.0
1005.0	6.0
1006.0	9.0
1007.0	9.0
1008.0	10.0
1009.0	9.0
1010.0	3.0
1011.0	6.0
1012.0	11.0
1013.0	10.0
1014.0	7.0
1015.0	6.0
1016.0	5.0
1017.0	5.0
1018.0	8.0
1019.0	8.0
1020.0	12.0
1021.0	5.0
1022.0	4.0
1023.0	10.0
1024.0	4.0
1025.0	7.0
1026.0	8.0
1027.0	12.0
1028.0	7.0
1029.0	11.0
1030.0	4.0
1031.0	7.0
1032.0	4.0
1033.0	1.0
1034.0	7.0
1035.0	4.0
1036.0	9.0
1037.0	8.0
1038.0	8.0
1039.0	4.0
1040.0	11.0
1041.0	8.0
1042.0	11.0
1043.0	8.0
1044.0	7.0
1045.0	9.0
1046.0	3.0
1047.0	7.0
1048.0	5.0
1049.0	4.0
1050.0	6.0
1051.0	5.0
1052.0	8.0
1053.0	3.0
1054.0	6.0
1055.0	7.0
1056.0	5.0
1057.0	4.0
1058.0	6.0
1059.0	9.0
1060.0	8.0
1061.0	5.0
1062.0	7.0
1063.0	4.0
1064.0	6.0
1065.0	4.0
1066.0	9.0
1067.0	4.0
1068.0	2.0
1069.0	8.0
1070.0	10.0
1071.0	5.0
1072.0	9.0
1074.0	6.0
1075.0	5.0
1076.0	4.0
1077.0	9.0
1078.0	4.0
1079.0	8.0
1080.0	5.0
1081.0	6.0
1082.0	7.0
1083.0	4.0
1084.0	8.0
1085.0	8.0
1086.0	6.0
1087.0	7.0
1088.0	9.0
1089.0	11.0
1090.0	9.0
1091.0	6.0
1092.0	9.0
1093.0	5.0
1094.0	6.0
1095.0	6.0
1096.0	8.0
1097.0	9.0
1098.0	9.0
1099.0	6.0
1100.0	6.0
1101.0	4.0
1102.0	1.0
1103.0	7.0
1104.0	5.0
1105.0	6.0
1106.0	7.0
1107.0	3.0
1108.0	7.0
1109.0	5.0
1110.0	5.0
1111.0	8.0
1112.0	4.0
1113.0	6.0
1114.0	12.0
1115.0	5.0
1116.0	9.0
1117.0	10.0
1118.0	5.0
1119.0	2.0
1120.0	8.0
1121.0	7.0
1122.0	11.0
1123.0	7.0
1124.0	4.0
1125.0	9.0
1126.0	5.0
1127.0	1.0
1128.0	7.0
1129.0	3.0
1130.0	4.0
1131.0	5.0
1132.0	5.0
1133.0	6.0
1134.0	5.0
1135.0	2.0
1136.0	3.0
1137.0	8.0
1138.0	5.0
1139.0	2.0
1140.0	5.0
1141.0	2.0
1142.0	5.0
1143.0	4.0
1144.0	2.0
1145.0	6.0
1146.0	5.0
1147.0	6.0
1148.0	3.0
1149.0	6.0
1150.0	5.0
1151.0	5.0
1152.0	7.0
1153.0	5.0
1154.0	5.0
1155.0	4.0
1156.0	5.0
1157.0	5.0
1158.0	7.0
1159.0	7.0
1160.0	5.0
1161.0	1.0
1162.0	3.0
1163.0	4.0
1164.0	3.0
1165.0	9.0
1166.0	5.0
1167.0	6.0
1168.0	5.0
1169.0	5.0
1170.0	4.0
1171.0	6.0
1172.0	7.0
1173.0	5.0
1174.0	1.0
1175.0	5.0
1176.0	6.0
1177.0	5.0
1178.0	6.0
1179.0	10.0
1180.0	4.0
1181.0	12.0
1182.0	4.0
1183.0	5.0
1184.0	9.0
1185.0	6.0
1186.0	6.0
1187.0	6.0
1188.0	4.0
1189.0	9.0
1190.0	5.0
1191.0	5.0
1192.0	8.0
1193.0	12.0
1194.0	8.0
1195.0	12.0
1196.0	8.0
1197.0	7.0
1198.0	4.0
1199.0	11.0
1200.0	3.0
1201.0	6.0
1202.0	10.0
1203.0	4.0
1204.0	4.0
1205.0	5.0
1206.0	7.0
1207.0	5.0
1208.0	9.0
1209.0	5.0
1210.0	8.0
1211.0	3.0
1212.0	8.0
1213.0	4.0
1214.0	15.0
1215.0	6.0
1216.0	9.0
1217.0	13.0
1218.0	10.0
1219.0	5.0
1220.0	2.0
1221.0	10.0
1222.0	9.0
1223.0	11.0
1224.0	9.0
1225.0	11.0
1226.0	13.0
1227.0	6.0
1228.0	3.0
1229.0	3.0
1230.0	7.0
1231.0	11.0
1232.0	10.0
1233.0	5.0
1234.0	5.0
1235.0	8.0
1236.0	10.0
1237.0	11.0
1238.0	6.0
1239.0	5.0
1240.0	6.0
1241.0	4.0
1242.0	5.0
1243.0	6.0
1244.0	9.0
1245.0	6.0
1246.0	8.0
1247.0	5.0
1248.0	9.0
1249.0	10.0
1250.0	11.0
1251.0	8.0
1252.0	13.0
1253.0	10.0
1254.0	8.0
1255.0	8.0
1256.0	12.0
1257.0	4.0
1258.0	8.0
1259.0	4.0
1260.0	5.0
1261.0	7.0
1262.0	5.0
1263.0	10.0
1264.0	6.0
1265.0	4.0
1266.0	12.0
1267.0	3.0
1268.0	11.0
1269.0	6.0
1270.0	9.0
1271.0	7.0
1272.0	14.0
1273.0	11.0
1274.0	10.0
1275.0	3.0
1276.0	6.0
1277.0	6.0
1278.0	4.0
1279.0	7.0
1280.0	5.0
1281.0	5.0
1282.0	6.0
1283.0	5.0
1284.0	10.0
1285.0	6.0
1286.0	6.0
1287.0	7.0
1288.0	4.0
1289.0	2.0
1290.0	3.0
1291.0	4.0
1292.0	6.0
1293.0	5.0
1294.0	5.0
1295.0	1.0
1296.0	9.0
1297.0	5.0
1298.0	1.0
1299.0	5.0
1300.0	3.0
1301.0	4.0
1302.0	4.0
1303.0	5.0
1304.0	5.0
1305.0	5.0
1306.0	5.0
1307.0	2.0
1308.0	4.0
1309.0	5.0
1310.0	4.0
1311.0	3.0
1312.0	4.0
1313.0	4.0
1314.0	2.0
1315.0	4.0
1316.0	3.0
1317.0	1.0
1318.0	3.0
1319.0	4.0
1320.0	3.0
1321.0	2.0
1322.0	3.0
1323.0	4.0
1324.0	3.0
1325.0	6.0
1326.0	2.0
1327.0	4.0
1328.0	5.0
1329.0	10.0
1330.0	6.0
1331.0	5.0
1332.0	1.0
1333.0	8.0
1334.0	7.0
1335.0	7.0
1336.0	4.0
1337.0	2.0
1338.0	2.0
1339.0	2.0
1340.0	2.0
1341.0	5.0
1342.0	6.0
1343.0	3.0
1344.0	5.0
1345.0	3.0
1346.0	3.0
1347.0	4.0
1348.0	6.0
1349.0	1.0
1350.0	3.0
1351.0	1.0
1352.0	6.0
1353.0	5.0
1354.0	6.0
1355.0	8.0
1356.0	8.0
1357.0	7.0
1358.0	3.0
1359.0	4.0
1360.0	3.0
1361.0	3.0
1362.0	5.0
1363.0	1.0
1364.0	3.0
1365.0	2.0
1366.0	4.0
1367.0	4.0
1368.0	5.0
1369.0	2.0
1370.0	3.0
1371.0	3.0
1372.0	4.0
1373.0	3.0
1374.0	6.0
1375.0	1.0
1376.0	2.0
1377.0	3.0
1378.0	6.0
1379.0	4.0
1380.0	6.0
1381.0	6.0
1382.0	6.0
1383.0	1.0
1384.0	3.0
1385.0	4.0
1386.0	5.0
1387.0	3.0
1388.0	8.0
1389.0	4.0
1390.0	4.0
1391.0	4.0
1392.0	2.0
1393.0	6.0
1394.0	3.0
1395.0	1.0
1396.0	4.0
1397.0	2.0
1398.0	4.0
1399.0	2.0
1400.0	5.0
1401.0	4.0
1402.0	5.0
1403.0	3.0
1405.0	6.0
1406.0	7.0
1407.0	6.0
1409.0	2.0
1410.0	4.0
1411.0	2.0
1412.0	2.0
1413.0	2.0
1414.0	5.0
1415.0	3.0
1416.0	3.0
1417.0	4.0
1418.0	3.0
1420.0	2.0
1421.0	2.0
1422.0	3.0
1423.0	1.0
1424.0	2.0
1425.0	3.0
1426.0	6.0
1427.0	4.0
1428.0	2.0
1429.0	2.0
1430.0	1.0
1431.0	4.0
1432.0	1.0
1433.0	3.0
1434.0	1.0
1435.0	1.0
1436.0	1.0
1437.0	1.0
1438.0	3.0
1439.0	3.0
1440.0	4.0
1441.0	4.0
1442.0	1.0
1443.0	3.0
1445.0	5.0
1446.0	2.0
1448.0	1.0
1449.0	1.0
1450.0	1.0
1451.0	1.0
1453.0	3.0
1454.0	1.0
1455.0	2.0
1457.0	7.0
1458.0	1.0
1462.0	2.0
1463.0	1.0
1464.0	3.0
1465.0	2.0
1466.0	2.0
1468.0	4.0
1469.0	1.0
1470.0	2.0
1471.0	2.0
1472.0	1.0
1473.0	3.0
1474.0	1.0
1475.0	1.0
1476.0	1.0
1477.0	2.0
1479.0	2.0
1481.0	2.0
1482.0	2.0
1483.0	1.0
1484.0	2.0
1486.0	2.0
1487.0	4.0
1489.0	3.0
1490.0	1.0
1491.0	1.0
1493.0	2.0
1497.0	1.0
1499.0	4.0
1500.0	2.0
1501.0	1.0
1502.0	1.0
1503.0	1.0
1505.0	2.0
1508.0	2.0
1510.0	1.0
1511.0	2.0
1515.0	1.0
1516.0	2.0
1517.0	1.0
1518.0	3.0
1519.0	2.0
1520.0	1.0
1521.0	3.0
1522.0	1.0
1523.0	2.0
1524.0	1.0
1525.0	1.0
1526.0	4.0
1528.0	1.0
1529.0	1.0
1530.0	1.0
1531.0	1.0
1533.0	1.0
1534.0	1.0
1536.0	1.0
1537.0	1.0
1539.0	5.0
1540.0	1.0
1541.0	2.0
1542.0	1.0
1543.0	1.0
1544.0	3.0
1545.0	2.0
1546.0	1.0
1547.0	3.0
1548.0	7.0
1549.0	2.0
1550.0	2.0
1551.0	2.0
1552.0	4.0
1553.0	1.0
1554.0	6.0
1555.0	3.0
1556.0	2.0
1557.0	1.0
1558.0	4.0
1559.0	5.0
1560.0	2.0
1561.0	2.0
1562.0	2.0
1563.0	4.0
1564.0	4.0
1565.0	2.0
1566.0	3.0
1567.0	3.0
1568.0	4.0
1569.0	2.0
1570.0	4.0
1571.0	1.0
1572.0	2.0
1573.0	5.0
1574.0	2.0
1575.0	2.0
1576.0	2.0
1578.0	3.0
1579.0	2.0
1580.0	6.0
1582.0	1.0
1583.0	3.0
1584.0	1.0
1585.0	1.0
1587.0	4.0
1588.0	1.0
1589.0	1.0
1590.0	2.0
1591.0	4.0
1594.0	1.0
1596.0	1.0
1597.0	3.0
1599.0	1.0
1601.0	1.0
1603.0	2.0
1604.0	5.0
1605.0	3.0
1608.0	1.0
1609.0	1.0
1610.0	4.0
1611.0	1.0
1612.0	2.0
1614.0	1.0
1616.0	2.0
1617.0	1.0
1618.0	3.0
1619.0	2.0
1621.0	1.0
1622.0	3.0
1623.0	2.0
1624.0	1.0
1626.0	1.0
1627.0	3.0
1628.0	3.0
1629.0	2.0
1630.0	2.0
1631.0	1.0
1632.0	2.0
1633.0	1.0
1634.0	1.0
1635.0	2.0
1636.0	5.0
1637.0	1.0
1638.0	2.0
1639.0	1.0
1640.0	2.0
1641.0	5.0
1643.0	4.0
1646.0	2.0
1647.0	1.0
1648.0	1.0
1649.0	2.0
1650.0	3.0
1651.0	1.0
1653.0	3.0
1654.0	1.0
1655.0	1.0
1656.0	3.0
1657.0	1.0
1658.0	2.0
1659.0	5.0
1660.0	1.0
1662.0	1.0
1664.0	1.0
1665.0	1.0
1666.0	1.0
1667.0	1.0
1670.0	1.0
1671.0	1.0
1672.0	1.0
1673.0	3.0
1674.0	1.0
1675.0	4.0
1676.0	2.0
1677.0	4.0
1678.0	1.0
1679.0	2.0
1680.0	3.0
1681.0	2.0
1682.0	2.0
1684.0	1.0
1686.0	2.0
1687.0	1.0
1689.0	3.0
1690.0	1.0
1691.0	2.0
1692.0	1.0
1693.0	1.0
1694.0	1.0
1695.0	1.0
1696.0	4.0
1699.0	4.0
1700.0	1.0
1701.0	1.0
1702.0	1.0
1703.0	2.0
1704.0	1.0
1705.0	1.0
1706.0	1.0
1707.0	2.0
1708.0	6.0
1709.0	2.0
1711.0	2.0
1713.0	5.0
1714.0	2.0
1716.0	2.0
1717.0	2.0
1718.0	3.0
1720.0	1.0
1721.0	1.0
1722.0	2.0
1724.0	1.0
1727.0	1.0
1728.0	1.0
1729.0	1.0
1730.0	1.0
1731.0	2.0
1732.0	4.0
1735.0	1.0
1736.0	2.0
1737.0	3.0
1738.0	1.0
1739.0	1.0
1740.0	1.0
1741.0	2.0
1742.0	1.0
1743.0	3.0
1744.0	3.0
1746.0	2.0
1748.0	1.0
1750.0	1.0
1751.0	2.0
1753.0	2.0
1754.0	1.0
1756.0	2.0
1757.0	1.0
1758.0	4.0
1759.0	1.0
1760.0	1.0
1761.0	2.0
1762.0	2.0
1765.0	2.0
1766.0	1.0
1768.0	1.0
1770.0	2.0
1771.0	2.0
1772.0	2.0
1773.0	1.0
1774.0	1.0
1775.0	1.0
1776.0	3.0
1778.0	2.0
1779.0	1.0
1780.0	1.0
1781.0	2.0
1783.0	1.0
1784.0	2.0
1785.0	1.0
1787.0	3.0
1788.0	1.0
1789.0	2.0
1790.0	1.0
1791.0	1.0
1792.0	2.0
1793.0	6.0
1794.0	1.0
1796.0	2.0
1798.0	1.0
1800.0	1.0
1801.0	1.0
1802.0	1.0
1803.0	1.0
1804.0	1.0
1805.0	1.0
1806.0	1.0
1807.0	1.0
1808.0	1.0
1810.0	1.0
1815.0	1.0
1816.0	3.0
1820.0	1.0
1822.0	1.0
1824.0	3.0
1825.0	2.0
1826.0	1.0
1827.0	1.0
1829.0	1.0
1831.0	1.0
1832.0	1.0
1833.0	1.0
1834.0	2.0
1837.0	1.0
1838.0	1.0
1840.0	3.0
1841.0	2.0
1842.0	2.0
1843.0	1.0
1844.0	1.0
1846.0	3.0
1848.0	3.0
1849.0	2.0
1851.0	2.0
1853.0	1.0
1854.0	1.0
1856.0	1.0
1857.0	3.0
1858.0	1.0
1860.0	5.0
1864.0	1.0
1865.0	4.0
1866.0	1.0
1869.0	1.0
1870.0	2.0
1871.0	1.0
1874.0	1.0
1875.0	1.0
1877.0	3.0
1878.0	1.0
1880.0	2.0
1882.0	2.0
1885.0	3.0
1886.0	2.0
1887.0	2.0
1889.0	5.0
1890.0	1.0
1891.0	1.0
1892.0	3.0
1893.0	1.0
1894.0	1.0
1896.0	1.0
1897.0	1.0
1898.0	1.0
1899.0	1.0
1900.0	2.0
1901.0	1.0
1902.0	3.0
1906.0	2.0
1907.0	2.0
1909.0	2.0
1910.0	2.0
1912.0	3.0
1914.0	2.0
1915.0	2.0
1916.0	4.0
1918.0	1.0
1919.0	1.0
1920.0	1.0
1921.0	4.0
1922.0	1.0
1923.0	3.0
1925.0	1.0
1926.0	2.0
1927.0	2.0
1928.0	1.0
1929.0	1.0
1930.0	3.0
1931.0	3.0
1933.0	1.0
1935.0	2.0
1936.0	2.0
1937.0	2.0
1938.0	1.0
1940.0	1.0
1941.0	1.0
1942.0	3.0
1943.0	2.0
1944.0	2.0
1946.0	1.0
1947.0	2.0
1948.0	1.0
1951.0	1.0
1953.0	1.0
1954.0	2.0
1955.0	4.0
1956.0	2.0
1957.0	1.0
1959.0	1.0
1961.0	1.0
1962.0	1.0
1965.0	2.0
1966.0	5.0
1967.0	1.0
1969.0	1.0
1970.0	1.0
1971.0	2.0
1972.0	2.0
1973.0	1.0
1977.0	2.0
1980.0	2.0
1983.0	1.0
1985.0	1.0
1986.0	2.0
1987.0	1.0
1988.0	1.0
1991.0	1.0
1992.0	1.0
1993.0	1.0
1996.0	1.0
1997.0	1.0
2001.0	1.0
2005.0	1.0
2006.0	1.0
2009.0	1.0
2013.0	1.0
2015.0	1.0
2018.0	1.0
2020.0	1.0
2022.0	2.0
2023.0	2.0
2024.0	1.0
2026.0	3.0
2028.0	2.0
2030.0	4.0
2031.0	3.0
2032.0	3.0
2034.0	2.0
2036.0	2.0
2037.0	1.0
2040.0	1.0
2043.0	3.0
2044.0	1.0
2045.0	3.0
2046.0	2.0
2047.0	1.0
2048.0	1.0
2049.0	1.0
2050.0	1.0
2051.0	2.0
2053.0	2.0
2054.0	3.0
2056.0	2.0
2057.0	1.0
2058.0	2.0
2059.0	1.0
2060.0	2.0
2061.0	1.0
2062.0	3.0
2063.0	2.0
2064.0	1.0
2065.0	1.0
2068.0	2.0
2069.0	1.0
2070.0	2.0
2071.0	2.0
2072.0	1.0
2073.0	1.0
2075.0	2.0
2078.0	1.0
2088.0	1.0
2093.0	2.0
2094.0	1.0
2096.0	1.0
2097.0	1.0
2098.0	2.0
2106.0	1.0
2108.0	1.0
2110.0	2.0
2112.0	1.0
2115.0	1.0
2123.0	1.0
2126.0	1.0
2146.0	1.0
2153.0	1.0
2160.0	1.0
2165.0	1.0
2167.0	1.0
2187.0	1.0
2194.0	1.0
2216.0	1.0
2229.0	1.0
2251.0	1.0
2252.0	1.0
2293.0	1.0
2294.0	1.0
2332.0	1.0
2361.0	1.0
2367.0	1.0
2373.0	1.0
2375.0	1.0
2379.0	1.0
2398.0	1.0
2399.0	1.0
2408.0	1.0
2417.0	1.0
2418.0	1.0
2421.0	1.0
2431.0	1.0
2433.0	1.0
2459.0	1.0
2463.0	1.0
2468.0	1.0
2469.0	1.0
2472.0	1.0
2487.0	1.0
2496.0	1.0
2497.0	1.0
2514.0	1.0
2525.0	1.0
2526.0	1.0
2530.0	1.0
2540.0	1.0
2546.0	1.0
2564.0	1.0
2592.0	1.0
2593.0	1.0
2603.0	1.0
2624.0	1.0
2629.0	1.0
2635.0	1.0
2637.0	1.0
2653.0	1.0
2658.0	2.0
2661.0	1.0
2664.0	1.0
2673.0	1.0
2675.0	1.0
2693.0	1.0
2694.0	1.0
2698.0	1.0
2712.0	1.0
2719.0	1.0
2725.0	1.0
2728.0	2.0
2735.0	1.0
2739.0	2.0
2752.0	1.0
2754.0	1.0
2763.0	1.0
2768.0	2.0
2769.0	1.0
2785.0	1.0
2792.0	1.0
2800.0	1.0
2813.0	1.0
2819.0	1.0
2822.0	1.0
2827.0	1.0
2837.0	1.0
2849.0	1.0
2855.0	1.0
2861.0	1.0
2865.0	1.0
2868.0	1.0
2869.0	2.0
2875.0	1.0
2876.0	1.0
2891.0	1.0
2896.0	1.0
2908.0	1.0
2920.0	1.0
2926.0	1.0
2931.0	1.0
2932.0	1.0
2935.0	1.0
2942.0	1.0
2952.0	1.0
2955.0	1.0
2981.0	1.0
2982.0	1.0
3000.0	1.0
3009.0	1.0
3013.0	1.0
3026.0	1.0
3042.0	1.0
3059.0	1.0
3077.0	1.0
3086.0	1.0
3088.0	1.0
3094.0	1.0
3099.0	1.0
3102.0	1.0
3109.0	1.0
3113.0	1.0
3139.0	1.0
3145.0	1.0
3162.0	1.0
3167.0	1.0
3170.0	1.0
3180.0	1.0
3183.0	1.0
3184.0	1.0
3195.0	1.0
3203.0	2.0
3205.0	1.0
3207.0	1.0
3217.0	1.0
3218.0	1.0
3228.0	1.0
3230.0	1.0
3236.0	1.0
3246.0	1.0
3259.0	1.0
3260.0	1.0
3263.0	1.0
3267.0	1.0
3271.0	1.0
3272.0	1.0
3273.0	1.0
3277.0	1.0
3283.0	1.0
3284.0	1.0
3285.0	1.0
3286.0	1.0
3307.0	1.0
3319.0	1.0
3323.0	2.0
3329.0	1.0
3330.0	1.0
3332.0	1.0
3344.0	2.0
3348.0	1.0
3364.0	1.0
3366.0	1.0
3368.0	1.0
3379.0	1.0
3380.0	1.0
3389.0	1.0
3395.0	1.0
3407.0	1.0
3417.0	1.0
3428.0	1.0
3433.0	2.0
3439.0	1.0
3440.0	1.0
3445.0	1.0
3455.0	1.0
3464.0	1.0
3476.0	1.0
3491.0	1.0
3493.0	1.0
3503.0	1.0
3505.0	1.0
3508.0	1.0
3509.0	1.0
3513.0	1.0
3515.0	1.0
3516.0	1.0
3520.0	1.0
3524.0	1.0
3526.0	2.0
3530.0	1.0
3533.0	1.0
3535.0	1.0
3537.0	1.0
3538.0	1.0
3547.0	1.0
3551.0	1.0
3557.0	2.0
3559.0	1.0
3565.0	1.0
3566.0	2.0
3567.0	1.0
3573.0	1.0
3575.0	1.0
3595.0	1.0
3609.0	1.0
3611.0	1.0
3612.0	1.0
3613.0	2.0
3614.0	1.0
