#Position (bp)	insert size
4124013.5	2260.4341689284884
1.23720395E7	1729.3232974099485
2.06200655E7	167.13761489412616
2.88680915E7	937.275463630879
3.71161175E7	167.30831359035108
4.53641435E7	2458.4574660735657
5.36121695E7	1024.0496860974476
6.18601955E7	1589.581227276758
7.01082215E7	1830.9252974213418
7.83562475E7	1460.5455858769267
8.66042735E7	269.329916900193
9.48522995E7	1820.8787619346938
1.031003255E8	166.4467451933564
1.113483515E8	167.96478106814692
1.195963775E8	477.1986774903459
1.278444035E8	162.13296154975052
1.360924295E8	0.0
1.443404555E8	167.41427400369935
1.525884815E8	439.9303611170938
1.608365075E8	167.82515550944584
1.690845335E8	167.70410027746237
1.773325595E8	166.9989660346262
1.855805855E8	167.66521401898305
1.938286115E8	166.1358938346298
2.020766375E8	554.2377620323082
2.103246635E8	167.7182459127322
2.185726895E8	166.99878320609042
2.268207155E8	210.01412542691452
2.350687415E8	166.98692490180065
2.433167675E8	166.08304053380033
2.481986015E8	169.0791402714932
2.523226145E8	1552.8173195608395
2.598128195E8	166.251496433014
2.680608455E8	166.92028875667893
2.763088715E8	166.86236897274634
2.845568975E8	2559.9867287645634
2.928049235E8	1191.5210386808799
3.010529495E8	166.8095677502557
3.093009755E8	565.9598134000406
3.175490015E8	167.02337664149076
3.257970275E8	166.93634697706085
3.340450535E8	166.4057182972749
3.422930795E8	364.6730989408035
3.505411055E8	167.3680551197339
3.587891315E8	166.2704855746093
3.670371575E8	166.698317680686
3.752851835E8	166.90358168933156
3.810815205E8	165.6732650081274
3.852055335E8	1055.4163455889175
3.917812355E8	1143.8130780331257
4.000292615E8	1134.6851074570893
4.082772875E8	333.3681184418571
4.165253135E8	166.83731366580815
4.247733395E8	165.51160409556314
4.330213655E8	848.0585081722623
4.412693915E8	303.03424633117464
4.495174175E8	166.9899390480676
4.577654435E8	167.34717545453177
4.660134695E8	166.5059489154612
4.742614955E8	167.5821181019766
4.825095215E8	166.69930286599535
4.907575475E8	166.95768075809613
4.990055735E8	167.12327476030455
5.072535995E8	167.55153878379684
5.146090395E8	166.5222446627643
5.178906245E8	171.06617038875103
5.187832105E8	167.295246326707
5.237496515E8	167.90584746282698
5.319976775E8	167.14456563606814
5.402457035E8	500.2875041526268
5.484937295E8	166.93953077082276
5.567417555E8	1400.3477373403978
5.649897815E8	592.1557517484155
5.732378075E8	507.3336739040184
5.814858335E8	308.16851299531316
5.897338595E8	166.54227464884767
5.979818855E8	166.6954764373171
6.062299115E8	165.6900743538298
6.144779375E8	167.03607039627838
6.227259635E8	167.3100953375996
6.309739895E8	167.0737897766177
6.392220155E8	166.9447044041959
6.4728106E8	166.05582351069958
6.51405073E8	0.0
6.557180675E8	0.0
6.639660935E8	156.85087719298247
6.722141195E8	168.19415731579238
6.804621455E8	167.28658961920164
6.887101715E8	166.81086243637446
6.969581975E8	167.35087204128848
7.052062235E8	166.01637856721564
7.134542495E8	163.11973758351445
7.217022755E8	164.14515584216184
7.299503015E8	165.99901330447514
7.381983275E8	162.67452220786743
7.464463535E8	254.6616054231183
7.546943795E8	269.3293480097207
7.62199406E8	166.22576703652126
7.66323419E8	0.0
7.711904315E8	0.0
7.794384575E8	154.13593455003146
7.876864835E8	241.98263957547266
7.959345095E8	577.2044118086027
8.041825355E8	165.9899766867226
8.124305615E8	166.5236780455154
8.206785875E8	166.75819743654378
8.289266135E8	167.53528603592264
8.371746395E8	338.66651025047446
8.454226655E8	503.2850864440518
8.536706915E8	166.19814344363337
8.619187175E8	166.6037224987435
8.69333434E8	166.95208173516204
8.72724992E8	166.34369602763385
8.72931433E8	174.99794407894737
8.731340445E8	165.7347294938918
8.73326804E8	165.33394428152494
8.73441596E8	158.9917491749175
8.73480431E8	162.5937984496124
8.735866135E8	164.8558659217877
8.73694888E8	158.93515358361773
8.74003757E8	0.0
8.784147695E8	19.0
8.866627955E8	151.36144578313252
8.949108215E8	540.5584524063411
9.031588475E8	1299.5394077002238
9.114068735E8	167.46400802325843
9.196548995E8	720.6789743473686
9.279029255E8	417.8012084726208
9.361509515E8	167.27966764636858
9.443989775E8	167.0666242046094
9.526470035E8	167.20480979116667
9.608950295E8	167.14120152364956
9.691430555E8	165.39305292616677
9.744875075E8	167.0622340869275
9.759320705E8	166.75552282768777
9.788356445E8	216.4844988255523
9.856391075E8	809.7635821430973
9.938871335E8	1370.5020687436952
1.0021351595E9	175.0070328473528
1.0103831855E9	2148.7752346220545
1.0186312115E9	165.40731740245712
1.0268792375E9	450.57081455985747
1.0351272635E9	167.03806715414768
1.0433752895E9	167.46585673257712
1.0516233155E9	166.95237507520943
1.0598713415E9	166.16768292682926
1.065244947E9	166.2398945440712
1.067430919E9	164.3314033216517
1.0703053395E9	5313.271748473196
1.0763673935E9	246.6339384084888
1.0846154195E9	239.9351965118699
1.0928634455E9	1030.8974939130862
1.1011114715E9	479.6971283985391
1.1093594975E9	167.44122619213917
1.1176075235E9	317.7006662388069
1.1258555495E9	172.90369978999746
1.1341035755E9	174.62310825173773
1.1423516015E9	166.68646006896904
1.149050177E9	166.25682894487593
1.151717535E9	165.76014109347443
1.15195075E9	120.45799011532125
1.152147445E9	131.13311688311688
1.1534636805E9	166.5599217348769
1.1588476535E9	167.0075544984009
1.1670956795E9	166.4242970439798
1.1753437055E9	167.09014524848564
1.1835917315E9	166.72704671456628
1.1918397575E9	164.9183361994841
1.2000877835E9	166.38203068644845
1.2083358095E9	166.44441709334384
1.2165838355E9	166.13656260008847
1.2248318615E9	165.186847455291
1.23076644E9	164.9631851719472
1.234890453E9	392.190048973379
1.2413279135E9	258.41178011912234
1.2495759395E9	396.41813441045775
1.2578239655E9	166.84719485336734
1.2660719915E9	178.85757974211063
1.2743200175E9	169.62814402933913
1.2825680435E9	182.1806615888663
1.288943339E9	168.04945300139286
1.291282149E9	159.5735607675906
1.2913856925E9	161.3305785123967
1.2914655495E9	171.81947130883302
1.2915628205E9	154.5491651205937
1.2916163385E9	157.97674418604652
1.2916575315E9	174.5449101796407
1.291766658E9	165.33700696055683
1.291875052E9	167.4169719169719
1.291916283E9	162.30882352941177
1.293438612E9	6605.992909570298
1.2990640955E9	2972.4961726624774
1.3073121215E9	871.2675220706894
1.3155601475E9	3221.2037401424673
1.3238081735E9	85046.75612170056
1.3320561995E9	166.64807766561862
1.3403042255E9	4638.200950082944
1.3485522515E9	3001.045521951485
1.3568002775E9	1497.902082240048
1.3650483035E9	167.5897989872641
1.3732963295E9	2861.334018439133
1.3815443555E9	253.91396016050152
1.3897923815E9	404.1012843898678
1.3980404075E9	984.2872217068646
1.4062884335E9	200.89161418987027
1.4145364595E9	165.6687390354252
1.4227844855E9	797.5515745741587
1.4310325115E9	166.62414820255438
1.4392805375E9	165.45698609809435
1.4475285635E9	167.17669464035328
1.4557765895E9	167.71724215111524
1.4640246155E9	1023.6340489490095
1.4722726415E9	168.3270921286349
1.4805206675E9	178.72888017787332
1.4887686935E9	166.9013717228969
1.4970167195E9	167.28125814335115
1.5052647455E9	166.94659776055124
1.5135127715E9	166.90896227734123
1.5217607975E9	167.5962845101918
1.5300077405E9	166.5134556040757
1.5341317535E9	0.0
1.5382568495E9	166.60970956508854
1.5465048755E9	818.9362384101819
1.5547529015E9	463.19469307922805
1.5630009275E9	420.7843317361414
1.5712489535E9	167.08656672902646
1.5794969795E9	167.0915735076988
1.5877450055E9	202.57693522026597
1.595221928E9	165.86795080966493
1.599345941E9	0.0
1.6042410575E9	988.4036678128582
1.6124890835E9	685.0793250465382
1.6207371095E9	163.31740094667506
1.6289851355E9	167.12811768870165
1.6372331615E9	166.69586839225747
1.6433209975E9	166.4747929376591
1.6474450105E9	19.0
1.6537292135E9	164.63204693372444
1.6619772395E9	169.32938809241494
1.6702252655E9	184.07027178897258
1.6784732915E9	244.70691051932516
1.6867213175E9	166.78799894060884
1.6934743095E9	165.7558740535859
1.6961786655E9	167.93406593406593
1.696274814E9	164.2941176470588
1.6963854715E9	162.12150989428028
1.6965578825E9	166.90330578512396
1.696661813E9	143.52669039145908
1.6967741785E9	432.7189189189189
1.6969170575E9	118.03529411764706
1.697018664E9	148.82608695652175
1.697105344E9	142.82142857142858
1.697223072E9	148.28358208955223
1.697380707E9	156.22105263157894
1.6982754815E9	166.83575317604357
1.7032173695E9	1736.8575651990286
1.7114653955E9	181.9929403220247
1.7197134215E9	165.87516678738896
1.7279614475E9	4035.4790227797953
1.7362094735E9	1142.0210705280049
1.7444574995E9	511.36982344463127
1.7527055255E9	439.4560404726346
1.7609535515E9	166.53096391188876
1.7692015775E9	2014.733635448137
1.7774496035E9	163.4383782301734
1.7856976295E9	1724.63222180592
1.7939456555E9	167.31772449882297
1.8021936815E9	166.92614691391645
1.8104417075E9	167.14242005028728
1.8186897335E9	167.66616417127454
1.8269377595E9	167.354895912328
1.8351857855E9	167.21223699079803
1.8434338115E9	251.4576927136474
1.8516818375E9	477.86071985819365
1.8599298635E9	165.17002267751016
1.8681778895E9	166.86909206170318
1.8764259155E9	165.74199939042975
1.8846739415E9	167.34772021593207
1.89227556E9	166.95172990580156
1.895830864E9	164.33223684210526
1.8964772715E9	167.07205653472425
1.9011699935E9	1515.0151328752463
1.9094180195E9	166.07888668204055
1.9176660455E9	166.08697453842257
1.9259140715E9	162.9483180226026
1.9341620975E9	187.27481601148807
1.9424101235E9	171.572774616128
1.9506581495E9	166.44992478728906
1.9589061755E9	4883.700144359662
1.9671542015E9	167.61899618036952
1.9754022275E9	984.9027695934001
1.9836502535E9	787.2598023621108
1.9918982795E9	1004.3846086062564
2.0001463055E9	166.30973618769596
2.0083943315E9	167.06796138609354
2.0166423575E9	166.90307570319672
2.0248903835E9	165.4557367172497
2.0331384095E9	165.84261492362785
2.0413864355E9	167.0021499851259
2.0496344615E9	166.64240516812987
2.0578824875E9	166.4403336902498
2.0661305135E9	166.04918375524852
2.0743785395E9	164.06850172036283
2.082312835E9	166.99473546163068
2.086227972E9	157.54669464847848
2.0865417025E9	165.05175983436854
2.0908745915E9	1594.798791226385
2.0991226175E9	166.22796823796318
2.1073706435E9	7647.855797101449
2.1156186695E9	3097.805970149254
2.1238666955E9	694.0935926489984
2.1321147215E9	175.81628634894992
2.1403627475E9	166.4344043253993
2.1486107735E9	455.32261375761425
2.1568587995E9	166.4956017218791
2.1651068255E9	167.16030913649706
2.1733548515E9	525.0327549426369
2.1816028775E9	479.77468654076273
2.1898509035E9	173.69494848890412
2.1980989295E9	650.1798058547328
2.2063469555E9	165.58816468808575
2.2145949815E9	166.6793394867921
2.2228430075E9	383.7768498339128
2.2310910335E9	353.31717372537736
2.2393390595E9	167.36014086630036
2.2475870855E9	213.4612155164422
2.2558351115E9	166.1683746189619
2.263915105E9	175.58225013311616
2.26791743E9	156.15315315315314
2.2680854625E9	165.4278704612365
2.2723311635E9	1462.9676638699775
2.2805791895E9	2329.442371655821
2.2888272155E9	3230.899922905147
2.2970752415E9	478.80995032522657
2.3053232675E9	278.0616701552688
2.3135712935E9	167.45259585241743
2.3218193195E9	1003.4022071779654
2.3300673455E9	2890.8778801205985
2.3383153715E9	165.8280402217504
2.3465633975E9	166.30092817179263
2.3548114235E9	167.2546332457573
2.3630594495E9	164.13999571222934
2.3713074755E9	1012.0556866048863
2.3795555015E9	335.13634051212483
2.3878035275E9	166.80912203175836
2.3960515535E9	166.82623122988917
2.4042995795E9	167.26925823521873
2.4125476055E9	200.2819033719058
2.4207956315E9	167.36486231223464
2.4290436575E9	166.63153095116584
2.435968712E9	166.21426626398653
2.440092725E9	681.9291526069446
2.4455397095E9	903.0680887961378
2.4537877355E9	1871.3623723428398
2.4620357615E9	166.9253664487353
2.4702837875E9	1289.4837863313478
2.4785318135E9	168.11644845041542
2.4867798395E9	593.4189845806694
2.4950278655E9	394.0803821062442
2.5032758915E9	542.2783374427615
2.5115239175E9	166.34162483733036
2.5197719435E9	413.78229395748247
2.5280199695E9	521.4360979625437
2.5362679955E9	166.89304432177425
2.5445160215E9	692.0191564419333
2.5527640475E9	166.7982685058614
2.5610120735E9	166.55000943711252
2.5692600995E9	167.02981177469573
2.5775081255E9	167.63593644059264
2.5857561515E9	167.48892734978674
2.5939979455E9	165.8259502068212
2.5981219585E9	0.0
2.6022522035E9	165.81040702615923
2.6105002295E9	165.43322489512883
2.6187482555E9	1112.6591209418764
2.6269962815E9	762.5541986664874
2.6352443075E9	166.42228415300548
2.6434923335E9	166.6572484003606
2.6517403595E9	166.26888944878363
2.6599883855E9	165.64557068982998
2.6682364115E9	166.708578607686
2.6764844375E9	165.7080626470485
2.6847324635E9	165.42098406830385
2.6929804895E9	166.61266515001014
2.7012285155E9	493.0991145764504
2.7094765415E9	165.57804116133775
2.7177245675E9	167.25182167651616
2.7259725935E9	165.48936553417929
2.7342206195E9	165.78041080356684
2.7407994975E9	166.124004669559
2.7449235105E9	2291.176126091717
2.7507166715E9	2994.1203697326187
2.7589646975E9	2340.481436892732
2.7672127235E9	166.62230294679486
2.7754607495E9	196.69396173577584
2.7837087755E9	2123.812412221841
2.7919568015E9	151.1426592797784
2.8002048275E9	161.61449942462602
2.8084528535E9	195.5651191686434
2.8167008795E9	166.76039376952284
2.8249489055E9	167.83582220992113
2.8331969315E9	510.9792996807662
2.8414449575E9	185.63836341825254
2.8496929835E9	167.0426872828693
2.8579410095E9	166.92754170067923
2.8661890355E9	231.8293707767489
2.8744370615E9	166.84194995129232
2.880105077E9	165.6523029705632
2.8816691105E9	171.49295774647888
2.8817081685E9	169.682092555332
2.881815618E9	166.15715292459478
2.8819235655E9	173.33370535714286
2.8821203125E9	166.21935249181521
2.88242567E9	168.68628762541806
2.8826085695E9	158.32835820895522
2.882755976E9	161.23393316195373
2.882939838E9	167.53455284552845
2.8830861915E9	167.72602400692983
2.8833246155E9	166.67953667953668
2.8835330345E9	158.19540229885058
2.8840139925E9	166.76247531270573
2.884682622E9	165.4673487812218
2.8849783395E9	168.5596
2.8851293765E9	158.48852459016393
2.88523294E9	168.67
2.885380196E9	165.28183908045978
2.8855523165E9	167.45238095238096
2.8856843195E9	164.19614147909968
2.885822535E9	161.45337620578778
2.885958065E9	163.1654135338346
2.886082272E9	152.83333333333334
2.886192519E9	165.98994974874373
2.886295634E9	168.87777777777777
2.88640561E9	170.29124709527497
2.8865546035E9	164.7720394736842
2.8867224755E9	165.87533156498674
2.8868061825E9	174.63636363636363
2.886892758E9	170.97880646960402
2.887031009E9	166.03703703703704
2.8871976565E9	167.46290143964563
2.887400046E9	166.66582597730138
2.887577206E9	169.99864743011722
2.8877881565E9	161.54430379746836
2.8879687995E9	168.12287334593572
2.8881279725E9	167.61374943464494
2.888311843E9	168.87789084181313
2.8884852595E9	166.61146496815286
2.8886875845E9	151.45454545454547
2.888985801E9	152.51046025104603
2.889229866E9	156.64912280701753
2.8895790755E9	166.9196657001535
2.889951796E9	155.3125
2.8901135465E9	168.9450867052023
2.8902557705E9	156.92857142857142
2.8904186985E9	162.50948509485096
2.8906437185E9	157.75324675324674
2.8908288345E9	165.36067551266586
2.890981424E9	164.7470725995316
2.8911688005E9	166.10961713764814
2.8913080195E9	167.58064516129033
2.8914628095E9	162.81025641025641
2.8916585145E9	169.15981735159818
2.8925472575E9	168.04418363824647
2.893404342E9	160.31034482758622
2.8935413165E9	158.5801526717557
2.8937144E9	156.21014492753622
2.8938670755E9	169.4217638691323
2.894495074E9	167.30443433769187
2.896831261E9	168.0119458455004
2.8986932995E9	163.28727272727272
2.8988572775E9	157.52991452991452
2.8989957195E9	165.59866220735785
2.8994933275E9	166.7757338551859
2.89996607E9	159.96835443037975
2.900096484E9	157.34767025089604
2.9002881635E9	168.50067355186349
2.9005228225E9	168.14530146659425
2.9007376895E9	162.7020202020202
2.9009214585E9	165.28777335984094
2.9011053345E9	170.62649350649352
2.901244009E9	167.40194489465154
2.9018593855E9	169.16167127319716
2.902550898E9	167.1698262243286
2.9027498425E9	150.71733333333333
2.9029180535E9	165.2358024691358
2.9030958505E9	161.47735849056605
2.903236903E9	157.12582781456953
2.903378271E9	162.35059760956176
2.9035976075E9	161.93475815523058
2.9042365785E9	165.64239253393666
2.9048794465E9	170.16990005878895
2.9053418075E9	166.1699695121951
2.9057249595E9	164.51898734177215
2.905983073E9	157.8651026392962
2.906237048E9	165.6458186929023
2.9063221355E9	168.66486486486485
2.906419947E9	165.08257918552036
2.906652359E9	165.65367608483848
2.9068714015E9	165.34882154882155
2.9070190175E9	163.3975155279503
2.907136287E9	168.91946992864425
2.9072577055E9	166.8382706164932
2.9073733645E9	168.11486486486487
2.9076229215E9	165.6005899705015
2.9079320895E9	166.04362194315928
2.9081124645E9	164.65895953757226
2.9083581135E9	167.18585983328188
2.908607172E9	166.34983498349834
2.908806396E9	165.952987654321
2.9090000085E9	165.7042889390519
2.909237002E9	167.5527213939285
2.909487479E9	169.17298701298702
2.909666712E9	160.19642857142858
2.9098444145E9	170.58994252873563
2.910040618E9	168.85658663205712
2.910170176E9	166.51381215469613
2.910297114E9	163.40097799511003
2.910473855E9	165.25584795321637
2.910761647E9	167.94671403197157
2.9109858275E9	162.11750599520383
2.9110662745E9	158.60504201680672
2.911245746E9	167.9059659090909
2.9114494045E9	166.05862068965519
2.911543586E9	162.72222222222223
2.9116129135E9	168.5185185185185
2.9117490855E9	168.62985274431057
2.9118852715E9	167.77341389728096
2.91203718E9	157.66844919786095
2.91216737E9	167.39809096013477
2.9122334675E9	153.21238938053096
2.9123573765E9	165.45505617977528
2.9125433715E9	167.90077519379844
2.9126854405E9	149.96039603960395
2.9128219235E9	150.11111111111111
2.913059947E9	164.96901579586878
2.913232047E9	161.8556338028169
2.9134117735E9	165.9398870807041
2.914328412E9	167.18190275669588
2.915174319E9	164.5525238744884
2.915940367E9	168.52311417396163
2.916855563E9	166.820806371329
2.9172265895E9	170.07956240676282
2.9175218075E9	168.0333048676345
2.917833762E9	167.55154091392137
2.918104484E9	166.2463851937536
2.918421329E9	166.08295122967903
2.9188311555E9	168.19868151852694
2.919113692E9	164.56065857885616
2.9192127795E9	162.7415329768271
2.919361199E9	166.0932556203164
2.919639416E9	167.7478260869565
2.920969266E9	166.95917092782702
2.9222335585E9	167.89160628019323
2.9223746255E9	169.1993006993007
2.922607307E9	162.76331360946745
2.922990831E9	167.2575373344604
2.9232848535E9	165.741744756805
2.9248217345E9	167.40458345672826
2.926399337E9	168.01716882679685
2.926573575E9	171.30374479889042
2.926675323E9	169.77375122428992
2.9273955645E9	163.0063694267516
2.9283065605E9	166.4028727770178
2.928675888E9	155.81005586592178
2.928905799E9	157.85046728971963
2.929078094E9	159.00552486187846
2.929177585E9	162.20143884892087
2.929312155E9	166.2144915603129
2.929457484E9	143.51136363636363
2.929658268E9	163.10821917808218
2.929885578E9	157.1937172774869
2.9300671115E9	168.33885209713026
2.9302185265E9	159.4020618556701
2.9303547775E9	164.8009708737864
2.930518526E9	164.94516129032257
2.930682299E9	166.1958041958042
2.9307971655E9	164.941467807294
2.930854517E9	163.55077308817383
2.93107383E9	166.86736537766535
2.9313517695E9	167.26876267748477
2.9315308925E9	165.26001313197636
2.9317028365E9	165.84205776173286
2.9318023465E9	164.84100418410043
2.9319408055E9	169.48468899521532
2.9325515445E9	167.32181669058846
2.9331095955E9	163.9261744966443
2.9332331755E9	167.87243337702054
2.933321893E9	164.6761658031088
2.93344294E9	167.4678007290401
2.933566615E9	149.88524590163934
2.933681945E9	163.29192546583852
2.9338372665E9	162.7284263959391
2.934009815E9	157.45197740112994
2.93414774E9	169.8933486238532
2.934243411E9	167.51354581673306
2.9343431015E9	165.8485083301046
2.9345144045E9	169.75584133309184
2.9347374925E9	166.34223300970874
2.934982691E9	166.96547741273102
2.9352665915E9	166.2950487012987
2.93544909E9	165.308
2.9355482175E9	161.48591549295776
2.935678085E9	166.9938223938224
2.935901925E9	163.32579185520362
2.9361164625E9	167.78014184397162
2.936242911E9	169.40281690140844
2.9363673145E9	171.95145631067962
2.936522572E9	167.27611940298507
2.936686298E9	173.95150115473442
2.936850338E9	169.54621848739495
2.937037971E9	171.59231905465288
2.9372448465E9	170.80103806228374
2.9374273685E9	172.2348336594912
2.9375904835E9	169.07299270072994
2.937768082E9	165.16869918699186
2.9379456715E9	168.81466395112017
2.9381121175E9	169.55363599839293
2.9383003025E9	160.48182665424045
2.9384879905E9	163.18156424581005
2.9386500475E9	168.47097156398104
2.938920769E9	163.90996015936256
2.9396822515E9	169.20047629357003
2.940319939E9	165.7772312016866
2.94246535E9	168.5892375818252
2.9448629825E9	168.6327462491846
2.945276117E9	160.981981981982
2.945440031E9	158.83680555555554
2.945667854E9	165.1693705386113
2.945880553E9	169.3872919818457
2.946041221E9	164.22367409684858
2.946434708E9	172.022123389212
2.9468190745E9	167.46647509578543
2.9494979735E9	167.27475481293135
2.952147541E9	162.04857621440536
2.952294951E9	167.5826911677534
2.9525364005E9	167.87013618677042
2.9527433355E9	165.03439153439155
2.9527903395E9	154.0
2.9535019345E9	169.2677803709618
2.954297591E9	159.49049429657794
2.9544634765E9	161.2308457711443
2.9549070915E9	168.00917863026595
2.955308858E9	166.8397328881469
2.955482869E9	164.2379487179487
2.9557224705E9	168.18924731182796
2.9559104E9	174.95892857142857
2.9560879905E9	169.77546777546777
2.9562757145E9	166.44402985074626
2.956432736E9	170.01677852348993
2.956579642E9	169.38319672131146
2.956763995E9	172.64383561643837
2.9570041095E9	170.8987341772152
2.957239189E9	169.97659297789338
2.9574278325E9	167.99242424242425
2.9576057785E9	167.90120861797163
2.957966948E9	165.3390977443609
2.959643091E9	168.33689541937997
2.9619454965E9	167.23487120677487
2.9629642995E9	167.65402843601896
2.9631882465E9	167.8914985114125
2.9638297045E9	166.89515859766277
2.964449908E9	167.73850574712642
2.964631061E9	165.50455373406194
2.964824549E9	164.28280542986425
2.9650100095E9	169.47835990888382
2.9652029495E9	167.70417422867513
2.965396084E9	162.77702702702703
2.965570043E9	170.89820359281438
2.9657404625E9	168.52847519902022
2.967555776E9	169.82600981108445
2.9698945975E9	169.12042036251447
2.971045755E9	166.67087693973295
2.971690351E9	168.1443954968184
2.974202933E9	168.00650857719475
2.977077113E9	168.59661016949153
2.977610308E9	164.03370786516854
2.9777653145E9	167.561377245509
2.9801505935E9	167.57921719412403
2.982955129E9	166.90618411806042
2.983539274E9	167.63469675599436
2.984703745E9	168.27698835602922
2.9871683795E9	166.70852677189725
2.9890448965E9	168.58974836905873
2.9895768225E9	165.9549902152642
2.990013438E9	167.15538048944015
2.9909450775E9	168.09119782214157
2.991486762E9	170.97271952259163
2.9914961835E9	181.5
2.991498403E9	0.0
2.9915004565E9	206.0
2.9915021635E9	164.0
2.9915136375E9	185.0
2.9915265835E9	178.57142857142858
2.991529392E9	177.42857142857142
2.9915307145E9	100.0
2.9915325745E9	110.0
2.9915342115E9	137.5
2.99154091E9	195.4
2.9915659545E9	180.0
2.991585389E9	145.0
2.9915873015E9	144.33333333333334
2.991589869E9	154.0
2.991591628E9	0.0
2.991593215E9	0.0
2.991595448E9	139.25
2.9915976785E9	0.0
2.99159977E9	185.0
2.991601514E9	127.0
2.991602727E9	0.0
2.9916041595E9	240.5
2.991605782E9	160.0
2.991802493E9	197.11554230339172
2.99199914E9	128.98181818181817
2.9920006435E9	137.77777777777777
2.9920034905E9	141.5625
2.992051942E9	138.88970588235293
2.992154686E9	163.03602178878933
2.992212966E9	206.8
2.992216201E9	149.85714285714286
2.9922185675E9	162.0
2.9922208195E9	141.42857142857142
2.992222888E9	158.53846153846155
2.9922245135E9	138.66666666666666
2.992236508E9	157.59375
2.9923169155E9	150.8
2.9923888155E9	144.5
2.992395716E9	153.28571428571428
2.99240296E9	155.33333333333334
2.992408817E9	152.26666666666668
2.99241312E9	141.35714285714286
2.992415696E9	0.0
2.992418137E9	0.0
2.9924207125E9	187.0
2.992422293E9	102.66666666666667
2.992468444E9	153.3548387096774
2.9925146995E9	171.25
2.9925161E9	125.0
2.9925175995E9	149.25
2.992519784E9	171.0
2.992522045E9	171.33333333333334
2.9925263445E9	174.95
2.992545384E9	137.38095238095238
2.9925831375E9	142.18571428571428
2.992607717E9	144.22222222222223
2.992612316E9	169.66666666666666
2.9926178245E9	151.73333333333332
2.9926241555E9	160.2
2.992628755E9	152.75
2.9926331735E9	138.03225806451613
2.9926368975E9	161.9268292682927
2.9926382435E9	154.33333333333334
2.9926394475E9	180.33333333333334
2.992641481E9	128.88235294117646
2.9926433545E9	144.33333333333334
2.9926445925E9	122.5
2.9926460205E9	162.875
2.9926472475E9	127.25
2.992648321E9	121.37254901960785
2.992649783E9	170.33333333333334
2.992652112E9	126.5
2.9926553045E9	171.0
2.9926612295E9	118.33333333333333
2.9926659135E9	0.0
2.99266696E9	0.0
2.9926681315E9	0.0
2.992669974E9	0.0
2.992671936E9	98.0
2.992673276E9	0.0
2.9926747875E9	0.0
2.9926763355E9	0.0
2.9926774285E9	196.0
2.9926788075E9	0.0
2.9926804435E9	111.0
2.9926820605E9	0.0
2.9926835895E9	0.0
2.9926850725E9	0.0
2.992686387E9	0.0
2.9926878375E9	0.0
2.9926892975E9	0.0
2.9926919E9	258.0
2.9926945755E9	175.0
2.9926964715E9	106.0
2.9926986245E9	0.0
2.992700175E9	0.0
2.9927020895E9	145.5
2.992704681E9	0.0
2.9927100795E9	157.2
2.9927178965E9	157.0
2.9928131655E9	161.5075
2.9929942125E9	165.88633461047255
2.9931647125E9	160.38397620921893
2.99333546E9	167.55673305317012
2.9935040225E9	162.6360201511335
2.9935902425E9	187.4
2.993679866E9	165.8287795992714
2.9938673145E9	162.1787852865697
2.994003041E9	159.33582089552237
2.994087277E9	165.14737793851717
2.994162061E9	165.94858611825194
2.9942162495E9	166.8736111111111
2.99434886E9	167.58095238095237
2.994494888E9	158.23497267759564
2.994620928E9	164.675
2.9947747325E9	166.17282010997644
2.9949245285E9	160.35599078341014
2.995013772E9	0.0
2.9950591165E9	158.1286307053942
2.995110684E9	162.17421007685738
2.995149141E9	162.67857142857142
2.9952072975E9	131.66666666666666
2.995282718E9	142.75886524822695
2.9953872025E9	162.7298969072165
2.995549431E9	165.056151940545
2.9957311045E9	146.12436115843272
2.995899982E9	167.96969696969697
2.99913101E9	2923.737993786063
3.0064054775E9	166.10529618322454
3.0146535035E9	669.7959170024578
3.0229015295E9	167.30498251981533
3.0311495555E9	673.0013200266907
3.0393975815E9	796.0430895971488
3.0476456075E9	921.9646380706531
3.0558936335E9	2125.779865308237
3.0641416595E9	167.5438323786811
3.0723896855E9	167.70668203234953
3.0806377115E9	165.5327767338572
3.0888857375E9	2218.0523285244244
3.0971337635E9	167.86267316527784
3.1053817895E9	894.4988811252683
3.1136298155E9	168.2083285717551
3.1218778415E9	166.44771751001093
3.1301258675E9	168.50927452079551
3.1383738935E9	166.23704951792567
3.1466219195E9	168.22712823464235
3.1513836915E9	168.21384965019385
3.1555077045E9	163.43591950218456
3.1631179715E9	24963.486013986014
3.1713659975E9	122.35211267605634
3.1796140235E9	130.3181818181818
3.1878620495E9	0.0
3.1961100755E9	0.0
3.2043581015E9	0.0
3.20886549E9	163.2773178807947
3.2092674855E9	0.0
3.209519677E9	170.09895997478728
3.209892578E9	168.70194003527337
3.2101846785E9	167.28213218199934
3.2105124185E9	167.67817703768625
3.2107704875E9	167.66791184161374
3.2109366555E9	166.83249886208466
3.2111129705E9	161.81703470031545
3.211276395E9	171.71428571428572
3.211417082E9	164.04819277108433
3.2117631015E9	165.87971698113208
3.2120996225E9	165.80213903743316
3.2123906835E9	167.992700729927
3.212785749E9	165.7285534591195
3.213056867E9	167.71025260029717
3.213403592E9	166.67877984084882
3.2137350435E9	159.98076923076923
3.2140934165E9	167.2689709972189
3.214431141E9	164.08792650918636
3.214684071E9	168.19514783927218
3.214970895E9	162.3847087378641
3.2152807965E9	165.68235853542558
3.2157122075E9	168.73073132268874
3.216124641E9	165.27573529411765
3.2165191445E9	164.29499217527388
3.2167284695E9	129.66666666666666
3.216816394E9	159.78412698412697
3.2169855065E9	142.95348837209303
3.217221355E9	162.83549783549785
3.2174198055E9	165.1324004305705
3.217547141E9	156.18446601941747
3.2177472715E9	167.44295302013424
3.218075865E9	168.93374931180034
3.2184014195E9	160.55146666666667
3.21861934E9	163.02820685023505
3.218790037E9	158.59459459459458
3.218927574E9	169.83495145631068
3.219178228E9	165.8108108108108
3.219695868E9	167.4370649651972
3.2201537955E9	167.70931537598204
3.220316351E9	160.75252525252526
3.2205178835E9	150.19004524886878
3.2208124235E9	160.74603174603175
3.2210694465E9	166.5697508896797
3.221262018E9	169.70798376184032
3.221402796E9	166.10867733782646
3.221707994E9	168.8156894136482
3.2222369555E9	168.48766361635583
3.2228721145E9	169.8433918054588
3.2233024115E9	165.38319088319088
3.224185272E9	167.06596504416464
3.227369036E9	166.2646270722299
3.2298928435E9	164.24087591240877
3.2301042805E9	160.85119047619048
3.2302653395E9	165.1924918389554
3.2304298405E9	160.7292817679558
3.230578831E9	159.62637362637363
3.2308109625E9	166.76799492654052
3.2311861265E9	150.0273556231003
3.231488962E9	158.32716049382717
3.231720614E9	167.97881010594946
3.231991785E9	165.19741320626275
3.2321666995E9	160.0096618357488
3.232216515E9	156.5625
3.2323221585E9	166.01362683438154
3.2325224045E9	169.86252900232017
3.232694619E9	170.77018121911038
3.2328560365E9	169.81241250583295
3.233001453E9	167.72191930207197
3.233110552E9	165.43470483005368
3.233195703E9	167.92198581560282
3.233719122E9	166.27433777627806
3.2344825705E9	166.6090909090909
3.234858778E9	155.3921568627451
3.2350518705E9	162.9140625
3.2352970795E9	158.37962962962962
3.235487229E9	168.49271844660194
3.23556284E9	167.21610738255035
3.2357844895E9	167.309544038516
3.2360469455E9	148.5546875
3.236148746E9	175.46031746031747
3.2362408545E9	172.17587939698493
3.2363769755E9	167.24948875255623
3.2365418755E9	164.2888888888889
3.2369905015E9	167.69777749021384
3.2374218665E9	163.29700272479565
3.239490992E9	167.60834344303996
3.241990473E9	167.2723363592929
3.2436894095E9	168.6515406162465
3.2449015995E9	165.56416881998277
3.245894665E9	167.21342735542018
3.246991954E9	166.09600495509446
3.24716499E9	166.3452481076535
3.2472888625E9	160.1044776119403
3.24751439E9	168.08587915818057
3.247732711E9	166.87140575079871
3.2479482185E9	167.4849357326478
3.248209812E9	160.54583333333332
3.24843581E9	167.67948717948718
3.248742054E9	165.45486883059138
3.2489922825E9	164.5632911392405
3.249241512E9	166.43352954667074
3.2495832255E9	166.3154678548695
3.249768684E9	170.07804503582395
3.2498970865E9	169.21447028423773
3.2500641525E9	167.16414141414143
3.250233321E9	166.2185430463576
3.2504641475E9	172.01812004530012
3.2507314375E9	168.82705479452054
3.250931609E9	170.9571150097466
3.25110035E9	170.92397660818713
3.251272805E9	164.93258426966293
3.251406084E9	173.8
3.251536554E9	168.71475409836066
3.2517286605E9	175.85943279901358
3.251890496E9	172.02702702702703
3.252026404E9	170.93251533742333
3.252184881E9	170.42988505747127
3.252336209E9	166.672131147541
3.2524929725E9	165.36863966770508
3.2526492185E9	169.05051449953228
3.252814558E9	166.4169914263445
3.252978446E9	164.48115942028986
3.2531275405E9	165.54575892857142
3.25325064E9	163.1907736665065
3.2533951605E9	154.92990654205607
3.2535133475E9	0.0
3.2536423935E9	125.0
3.2537978295E9	165.9486148346738
3.253870882E9	154.42168674698794
3.253946123E9	162.88652482269504
3.254096418E9	168.30516431924883
3.254345392E9	164.00132714001327
3.2545957105E9	165.0878048780488
3.254776607E9	159.92857142857142
3.254944905E9	152.29746835443038
3.2550827185E9	167.95635229929852
3.2552740765E9	169.24600949094045
3.2555665205E9	165.17379310344828
3.255809726E9	165.3271028037383
3.256051128E9	166.6607301869991
3.256279016E9	157.18817204301075
3.256596293E9	166.1774336283186
3.256894877E9	169.08287292817678
3.2570348465E9	162.7248322147651
3.257231861E9	161.1623188405797
3.257389304E9	162.27826086956523
3.257504313E9	161.34273318872016
3.257685022E9	166.8299212598425
3.257881507E9	160.08748114630467
3.257999374E9	163.26244343891403
3.2581168145E9	160.4575799721836
3.2582318895E9	154.51162790697674
3.258321402E9	158.81176470588235
3.2585547095E9	132.47947908445147
3.258863297E9	160.7219730941704
3.2590463295E9	167.97479398933592
3.25912794E9	153.93617021276594
3.259291952E9	164.62389680923286
3.2594320355E9	152.63095238095238
3.259672221E9	164.481981981982
3.2600461745E9	166.44017216642754
3.2603277075E9	165.16587587777568
3.2605482325E9	168.78614676677162
3.260742234E9	166.8385370205174
3.260933481E9	161.625
3.261038819E9	142.13333333333333
3.261157713E9	169.01927340951733
3.2614027625E9	164.6221264367816
3.2617565025E9	162.74583333333334
3.261965113E9	127.0
3.2620482395E9	164.50074074074075
3.2621604085E9	167.37812041116007
3.262392697E9	161.9142259414226
3.2627244025E9	158.42156862745097
3.263054774E9	164.41176470588235
3.264735664E9	168.134200913242
3.2674858885E9	168.03988637022437
3.2689381125E9	167.1215587179146
3.269171626E9	160.1727078891258
3.269355991E9	168.97869507323568
3.2695604285E9	166.4997586290128
3.26965773E9	166.03376623376624
3.26993266E9	164.7880627212949
3.270438985E9	161.47984986171474
3.2709049115E9	153.87764705882353
3.271341747E9	161.43057176196032
3.271578546E9	147.8148148148148
3.271593411E9	177.73333333333332
3.2716165405E9	163.50251256281408
3.2716650485E9	145.12962962962962
3.2719007085E9	166.71428571428572
3.2721096115E9	144.5
3.2729032935E9	167.30912666893605
3.2739480185E9	166.31189979123172
3.2743123675E9	168.06237370335444
3.2744423285E9	168.15471698113208
3.274567552E9	169.85796152271797
3.275092502E9	168.2246963562753
3.2756214355E9	170.3770977295163
3.275894228E9	170.87056737588654
3.27618417E9	169.93956402558413
3.276393725E9	158.61349693251535
3.2767256195E9	168.90541586073502
3.277112807E9	167.43909952606634
3.2774711835E9	168.88268667642754
3.278164618E9	167.6760502004532
3.278892452E9	168.34545454545454
3.279410368E9	166.5014534883721
3.279738184E9	169.8168335187245
3.2799490295E9	167.59837019790453
3.2803376225E9	165.74600223131276
3.2808102315E9	166.09762071378586
3.281147748E9	165.66158245948523
3.2814049345E9	168.47775831873906
3.2816159575E9	151.2621359223301
3.282193494E9	169.20491803278688
3.2832442865E9	167.6109984794729
3.283878427E9	166.79112903225806
3.284133872E9	167.37987012987014
3.2845392805E9	169.34389901823283
3.2848106465E9	179.20238095238096
3.2850194105E9	167.7046783625731
3.285443183E9	161.31262525050101
3.2858902635E9	167.26670680313063
3.2861802865E9	158.544061302682
3.28630889E9	168.083547086845
3.286466028E9	166.94183030752131
3.2865893585E9	164.72131147540983
3.2868938375E9	161.4457332228666
3.28734903E9	159.80769230769232
3.2877605135E9	168.83121814729688
3.2880997695E9	168.54395916052184
3.2883004E9	168.1632618747373
3.288620315E9	164.75665399239543
3.2888990915E9	169.71448467966573
3.2891327555E9	169.0409110080135
3.2894356555E9	168.24701195219123
3.289618521E9	168.78554778554778
3.290032112E9	168.5722400857449
3.290495438E9	168.72219789842381
3.290779908E9	167.11547525530244
3.291357195E9	168.56621324264853
3.291795873E9	166.50408035153797
3.292007229E9	167.91292627038683
3.292443998E9	168.48686244204018
3.292899688E9	170.94526672833797
3.293172412E9	168.2314702308627
3.2933761555E9	166.58543550690146
3.2935874075E9	165.59674215335718
3.293753565E9	161.35260115606937
3.2939389925E9	168.06313020604998
3.294096681E9	165.51304969610297
3.2943081635E9	170.13421671297286
3.2945439495E9	166.82724479344486
3.294749721E9	166.54887525562373
3.295064449E9	167.56294022033592
3.2954106905E9	168.7411545623836
3.2960894555E9	165.54810957663574
3.296694698E9	164.29326287978864
3.2968400715E9	166.42424242424244
3.297055838E9	167.1855479578636
3.2972554895E9	168.994769874477
3.297360178E9	167.45796847635728
3.297577521E9	163.28358208955223
3.2980344385E9	168.3942060510184
3.298777168E9	111.6
