# Position (bp)	A	C	G	T	N
0.0	25.96026686321765	25.42637299358166	23.667166448121453	24.855274482394663	0.09091921268457578
1.0	25.633674657388834	24.95901354549569	23.611221433897615	25.79422883432503	0.0018615288928329867
2.0	24.89369432370788	25.40050781081895	23.911189051943023	25.79155118991264	0.003057623617506563
3.0	24.8768877352867	25.2577955413726	23.98821078276214	25.873356058165776	0.0037498824127879383
4.0	25.149337798263804	24.878089765954787	24.101226582096363	25.864584012372095	0.006761841312953191
5.0	25.09575385477622	25.296246359856678	24.20361005869124	25.390370843389547	0.014018883286317868
6.0	25.165868623959902	24.985436746536166	24.068012527978446	25.77368245000276	0.006999651522725267
7.0	25.293381647109076	25.060540136613756	23.777171916205695	25.8656992529709	0.0032070471005773084
8.0	25.166756248694472	25.175429395761473	23.75474576106656	25.902506366426426	5.622280510710762E-4
9.0	25.369314975433106	24.995796056612964	23.762816330347615	25.87167707351365	3.955640926694879E-4
10.0	25.278174821495845	24.996191977309817	23.790825431856426	25.933051543236935	0.001756226100976423
11.0	25.199490575057133	25.079385523062747	23.81146655787276	25.907421911645674	0.0022354323616901187
12.0	25.286059476230072	24.982673385219254	23.76940950535744	25.9593558432528	0.0025017899404316075
13.0	25.26198245674664	24.975271880366964	23.79272682085872	25.96882069091561	0.0011981511120647606
14.0	25.186433342577992	25.065226298224818	23.853032286967927	25.89393378422516	0.0013742880041107866
15.0	25.220917455859166	25.010784034669133	23.839439315291912	25.92661256505823	0.00224662912156522
16.0	25.19242360770419	25.02615641748229	23.847834842539786	25.933321913581413	2.6321869231750374E-4
17.0	25.130395356719077	25.13729773663389	23.89106525433696	25.83786512622879	0.0033765260812844023
18.0	25.202919279838326	25.067242648877926	23.86546889661039	25.863962037356387	4.071373169753938E-4
19.0	25.178050537988877	25.077069432434882	23.871837965151073	25.87201943831767	0.0010226261074962866
20.0	25.123013447170138	25.144918332897376	23.93832036176263	25.793629703046527	1.1815512332645083E-4
21.0	25.200825499282644	25.081000328738085	23.910867404741627	25.806765422425	5.413448126503346E-4
22.0	25.205651571894762	25.06000299941156	23.922274834665306	25.810593765664112	0.001476828364264152
23.0	25.135202139438256	25.148528573413515	23.988156829917166	25.726871964706778	0.0012404925242926294
24.0	25.225374131610362	25.06988277521892	23.943720677896348	25.760063347853055	9.590674213120354E-4
25.0	25.200377381845946	25.059737144001176	23.971613903648638	25.7673565648333	9.150056709409566E-4
26.0	25.154872768586863	25.138326788487337	24.027958034789474	25.67699310731648	0.0018493008198470315
27.0	25.234131743690654	25.065014132797415	23.999603683288306	25.69926799753507	0.0019824426885591342
28.0	25.22713898177041	25.061546434583022	24.005331899820927	25.703219568475266	0.0027631153503794035
29.0	25.152782335591112	25.121278343243738	24.07674869520777	25.647777418951584	0.001413207005799765
30.0	25.233009351645553	25.057237182462732	24.058482618793658	25.646841077867556	0.00442976923050076
31.0	25.222914087742502	25.057693623218817	24.066703744826086	25.647094603323655	0.005593940888937238
32.0	25.184831026912686	25.121745495802188	24.11728045260067	25.569769392872853	0.006373631811602875
33.0	25.25084363599179	25.059109476888608	24.07750206188482	25.606198003380054	0.00634682185473014
34.0	25.21843320848664	25.071644975510793	24.075701554269223	25.62609393800413	0.008126323729218607
35.0	25.176997231429553	25.13247548197449	24.120902715977067	25.563716903789345	0.005907666829541861
36.0	25.24150634876844	25.075209583078795	24.090585772861072	25.58922089211372	0.003477403177974923
37.0	25.219507714412458	25.06710198396473	24.093200026217154	25.61571944097408	0.004470834431576682
38.0	25.173331215783985	25.12747985730942	24.152934975591084	25.540467491404023	0.005786459911485206
39.0	25.225965169452575	25.068723446087493	24.123298079742963	25.57456748833518	0.007445816381786237
40.0	25.23446448305519	25.04542241067182	24.134444987195376	25.577531687967824	0.008136431109790409
41.0	25.19092287509842	25.113961208291297	24.19807870987588	25.492700460843153	0.0043367458912527785
42.0	25.243550406084083	25.068858851498614	24.146321704546057	25.535036651170117	0.00623238670113285
43.0	25.23504756713546	25.060651061956364	24.153073949445247	25.547626291509335	0.003601129953599661
44.0	25.185755744257726	25.117806810417264	24.20777590947268	25.484616777453773	0.004044758398557926
45.0	25.25705902392436	25.057537639390365	24.18006628544849	25.502309362101343	0.0030276891354388026
46.0	25.228959905609894	25.07657827525372	24.165957415135743	25.52623495662762	0.0022694473730244464
47.0	25.176295808278592	25.131627032423125	24.2258086153093	25.463841184989406	0.002427358999575803
48.0	25.271898912924197	25.06656789806381	24.17882013444111	25.480668025501124	0.002045029069755265
49.0	25.239268699655703	25.06308574460555	24.186967825298204	25.507998966731883	0.0026787637086592058
50.0	25.19802009443251	25.118245792410665	24.246081772553175	25.43389944362819	0.0037528969754593404
51.0	25.27937561284955	25.037904969423714	24.20592582615261	25.47427694091714	0.0025166506569876046
52.0	25.245521283996514	25.050283868325796	24.213246266215872	25.488937806759953	0.002010774701867741
53.0	25.21752499330056	25.098605386696942	24.277549775102077	25.40386972140173	0.0024501234986844095
54.0	25.285183437163056	25.035540311885963	24.232012277603303	25.444893294420257	0.0023706789274270837
55.0	25.262766429252252	25.041611892833814	24.230126139250878	25.46244056784689	0.003054970816166712
56.0	25.228330958736194	25.090190613223985	24.285351604121168	25.392011552579625	0.0041152713390353885
57.0	25.299563713151024	25.027861970143466	24.23203464204206	25.436885187929132	0.0036544867343205763
58.0	25.28026911851119	25.0154142643983	24.248310489627677	25.449823878413262	0.006182249049566491
59.0	25.23872812815226	25.07910318735631	24.291834998967683	25.385975395027682	0.004358290496057358
60.0	25.311003715539194	24.99985282227785	24.250665576333994	25.43053888317247	0.007939002676485963
61.0	25.307117963727162	24.99434315894377	24.259795015546832	25.431360048549028	0.0073838132332071215
62.0	25.287229178269627	25.027734302481484	24.318538697167845	25.360794106726626	0.005703715354414627
63.0	25.34594212844875	24.982100189816094	24.262782557375495	25.40471104997329	0.004464074386370269
64.0	25.321552813040704	24.956372671425147	24.283274986102573	25.435181937733176	0.003617591698401713
65.0	25.292379980741824	25.0070165651107	24.336101747602584	25.35839978498543	0.006101921559459895
66.0	25.35270448111136	24.961194397113186	24.2898053796546	25.388227146702786	0.008068595418071494
67.0	25.339025441209408	24.953065298178934	24.288736265805717	25.412751304381686	0.006421690424252696
68.0	25.30365134728437	24.99254786950096	24.358473601640405	25.339110356289535	0.006216825284727912
69.0	25.385849535411896	24.92539426781866	24.30926470600089	25.37389112385908	0.005600366909472826
70.0	25.364140106179363	24.925347289378617	24.314570216217575	25.391361587045765	0.004580801178686789
71.0	25.353624963087118	24.957969591018315	24.37849819199562	25.3084561595981	0.0014510943008464814
72.0	25.426199076704926	24.87480244567997	24.324987130710298	25.371434586480262	0.0025767604245546588
73.0	25.41371096503428	24.862209232061815	24.342879239848983	25.37917182108147	0.002028741973446875
74.0	25.383045014632444	24.89026621745046	24.425362990732484	25.299435507064043	0.0018902701205679442
75.0	25.45926969463966	24.84126854395974	24.341905719524455	25.356705399054725	8.506428214241546E-4
76.0	25.445389829104737	24.805532624554772	24.37588030394048	25.372294821621317	9.024207786955557E-4
77.0	25.418178297768108	24.851381519006114	24.438834235244073	25.29033542640915	0.0012705215725580077
78.0	25.512588789106566	24.779312981526658	24.37308065904757	25.333604713711456	0.00141285660775173
79.0	25.492098056604707	24.769107192088192	24.41141662367942	25.326807667135398	5.70460492285017E-4
80.0	25.481827005999047	24.7890143875453	24.47057885434311	25.258426865157862	1.5288695467511189E-4
81.0	25.559889677441415	24.72300534460721	24.41737426817601	25.29866119595448	0.0010695138208812072
82.0	25.559191792774445	24.687944810490137	24.408891702637607	25.343540695757603	4.3099834020384197E-4
83.0	25.505849875222726	24.745708687218215	24.48399852321525	25.261067671220662	0.0033752431231496532
84.0	25.601324597841057	24.685317573359207	24.39662662910759	25.31643782445131	2.9337524083599564E-4
85.0	25.579711196020533	24.665892026145585	24.390377465869562	25.361625541517714	0.0023937704466093566
86.0	25.545803762354513	24.681995763262766	24.44156974892458	25.329125180570884	0.0015055448872592044
87.0	25.620410109525864	24.6133022426647	24.359010319293837	25.405998637756582	0.0012786907590164587
88.0	25.58569528342049	24.602742867899746	24.38388682762385	25.425154261301092	0.0025207597548263625
89.0	25.52035017312787	24.66289173888062	24.474691898543675	25.339723682026595	0.0023425074212432865
90.0	25.528747193094752	24.614197951678157	24.419955581762945	25.43518449799515	0.0019147754689939466
91.0	25.44964605405352	24.575157706251257	24.428156938600605	25.546596338028678	4.4296306593498723E-4
92.0	25.501013588034883	24.561573797297463	24.61340276104297	25.323347679816372	6.621738083162963E-4
93.0	25.473023540891944	24.57092168503089	24.527505775319078	25.425205375779004	0.0033436229790848654
94.0	25.38944743961016	24.812758435521804	24.470977682990476	25.3197074668222	0.007108975055364895
95.0	24.9445309170888	24.972126181025523	24.781046719404014	25.28812295225827	0.014173230223393268
96.0	25.405619547392472	24.880280919497256	24.332641700058733	25.374792645930004	0.006665187121538816
97.0	25.362929769550192	24.787997048081166	24.75057496898637	25.09482776601562	0.003670447366652922
98.0	25.226718271242593	24.66183622449864	24.93424718003943	25.17421388034648	0.002984443872854624
99.0	25.219742765415504	24.335394408674425	24.540911221565782	25.902083259631368	0.0018683447129161212
100.0	24.3268186307333	24.34065770555238	25.04100340291281	26.199152172822927	0.09236808797858234
