#Position (bp)	insert size
4124013.5	759.7634875340389
1.23720395E7	895.9889612264295
2.06200655E7	196.07802198564826
2.88680915E7	652.7268893469716
3.71161175E7	1964.4143571073525
4.53641435E7	1571.8352721960325
5.36121695E7	1340.3561603582882
6.18601955E7	194.78693087792252
7.01082215E7	1198.2555300403037
7.83562475E7	195.27230988496387
8.66042735E7	196.18138193095933
9.48522995E7	195.39416342103803
1.031003255E8	2078.686239370723
1.113483515E8	203.89057401469796
1.195963775E8	576.3955387607361
1.278444035E8	190.39082638362396
1.360924295E8	0.0
1.443404555E8	695.9433926855633
1.525884815E8	662.623298598085
1.608365075E8	256.82527577743616
1.690845335E8	637.9767530487804
1.773325595E8	196.02677613323937
1.855805855E8	196.72179395515113
1.938286115E8	541.9252404479068
2.020766375E8	250.59201549147272
2.103246635E8	473.51657988323683
2.185726895E8	195.33314342686228
2.268207155E8	196.06585327630074
2.350687415E8	196.1101051346743
2.433167675E8	195.25444617502174
2.481986015E8	200.27182652625586
2.523226145E8	195.83300462323436
2.598128195E8	306.3014726945536
2.680608455E8	195.68758120040812
2.763088715E8	348.92752010520456
2.845568975E8	5854.4618170172935
2.928049235E8	1208.7012582734756
3.010529495E8	197.05608228804743
3.093009755E8	767.4629124346415
3.175490015E8	195.61300644215797
3.257970275E8	871.3192679985452
3.340450535E8	195.03557758533088
3.422930795E8	314.0677184442577
3.505411055E8	196.51929686875513
3.587891315E8	195.0808881592619
3.670371575E8	194.99798649444574
3.752851835E8	196.48462553984754
3.810815205E8	193.3600519930676
3.852055335E8	1475.739568986673
3.917812355E8	198.50500991472634
4.000292615E8	196.3709180529883
4.082772875E8	193.42855674870268
4.165253135E8	1690.7151012306472
4.247733395E8	194.37979678911424
4.330213655E8	522.0095501124548
4.412693915E8	198.25182506483986
4.495174175E8	771.6085003877841
4.577654435E8	373.47020082966225
4.660134695E8	625.3755750220221
4.742614955E8	196.76744499250853
4.825095215E8	195.2552909351297
4.907575475E8	196.47779794581194
4.990055735E8	196.48407546748268
5.072535995E8	197.49147958226501
5.146090395E8	195.30384915185033
5.178906245E8	194.2803680981595
5.187832105E8	196.91422668795192
5.237496515E8	339.23670527779973
5.319976775E8	487.4101734596148
5.402457035E8	1080.5366510115607
5.484937295E8	196.17094823398548
5.567417555E8	195.9743602004514
5.649897815E8	293.5258790080086
5.732378075E8	197.42918546946737
5.814858335E8	676.1097562144699
5.897338595E8	321.84909314364455
5.979818855E8	193.8895016785107
6.062299115E8	192.75297638409992
6.144779375E8	438.0944118988319
6.227259635E8	196.45992798273258
6.309739895E8	196.51732976107036
6.392220155E8	195.99886882371052
6.4728106E8	194.84650172548146
6.51405073E8	0.0
6.557180675E8	19.0
6.639660935E8	182.1410835214447
6.722141195E8	196.79516113683943
6.804621455E8	196.34791559085008
6.887101715E8	196.29195128903217
6.969581975E8	195.9892828408283
7.052062235E8	194.6972895522388
7.134542495E8	189.39773901808786
7.217022755E8	191.19745284853198
7.299503015E8	194.00285625194886
7.381983275E8	188.98412082289425
7.464463535E8	195.1875951122437
7.546943795E8	282.9256129978712
7.62199406E8	194.61895393437499
7.66323419E8	0.0
7.711904315E8	0.0
7.794384575E8	178.09477413640388
7.876864835E8	200.00475704286166
7.959345095E8	193.96515200433257
8.041825355E8	1367.616847710782
8.124305615E8	388.72238920841613
8.206785875E8	445.2858487839121
8.289266135E8	196.51468031227756
8.371746395E8	196.8716530011892
8.454226655E8	553.0547706780322
8.536706915E8	194.9613129641488
8.619187175E8	195.24671801487327
8.69333434E8	196.72582017292848
8.72724992E8	191.57682291666666
8.72931433E8	219.1527821439799
8.731340445E8	197.82951482479785
8.73326804E8	197.5669149176258
8.73441596E8	184.17352185089973
8.73480431E8	189.17391304347825
8.735866135E8	191.69298245614036
8.73694888E8	191.00641025641025
8.74003757E8	0.0
8.784147695E8	0.0
8.866627955E8	157.80612244897958
8.949108215E8	409.9531473927902
9.031588475E8	195.48632548063904
9.114068735E8	461.29223704008666
9.196548995E8	198.11139647486806
9.279029255E8	283.7049841562817
9.361509515E8	335.96426873405073
9.443989775E8	196.12199223190603
9.526470035E8	196.41097251540543
9.608950295E8	197.25600675520073
9.691430555E8	193.7003305222738
9.744875075E8	196.78019113814074
9.759320705E8	196.7732383808096
9.788356445E8	194.5678496974113
9.856391075E8	1750.7385813937185
9.938871335E8	1052.2253894457192
1.0021351595E9	196.08055594057535
1.0103831855E9	1345.662466548309
1.0186312115E9	193.48244164428837
1.0268792375E9	195.35173047217467
1.0351272635E9	196.0110763955469
1.0433752895E9	206.13291514212423
1.0516233155E9	195.99116658366535
1.0598713415E9	194.41167316708032
1.065244947E9	194.49046880280176
1.067430919E9	192.24539498083817
1.0703053395E9	4033.460460137427
1.0763673935E9	196.29289976801078
1.0846154195E9	284.2468424424702
1.0928634455E9	393.67105312418107
1.1011114715E9	229.87099050048815
1.1093594975E9	217.090027514495
1.1176075235E9	196.12589062626716
1.1258555495E9	195.9594591332809
1.1341035755E9	196.75035818438622
1.1423516015E9	195.55758520386382
1.149050177E9	194.70979035103073
1.151717535E9	197.05865102639297
1.15195075E9	134.295978905735
1.152147445E9	163.8732394366197
1.1534636805E9	195.10020971124374
1.1588476535E9	948.7478655499391
1.1670956795E9	195.2029864845226
1.1753437055E9	195.8026199091812
1.1835917315E9	195.57316748294022
1.1918397575E9	192.46240031053708
1.2000877835E9	195.46765789699202
1.2083358095E9	195.4012248760047
1.2165838355E9	194.2350566702606
1.2248318615E9	193.21643671450082
1.23076644E9	193.73715755339373
1.234890453E9	357.21787103162893
1.2413279135E9	266.8988046712236
1.2495759395E9	195.46450242587602
1.2578239655E9	201.1382165294891
1.2660719915E9	197.20882514341028
1.2743200175E9	225.7054598139393
1.2825680435E9	207.33599466903598
1.288943339E9	198.24580712978891
1.291282149E9	185.37142857142857
1.2913856925E9	186.6
1.2914655495E9	200.24442240951907
1.2915628205E9	182.23216783216785
1.2916163385E9	177.75
1.2916575315E9	200.9108280254777
1.291766658E9	193.03194888178913
1.291875052E9	197.49932705248992
1.291916283E9	193.05905511811022
1.293438612E9	192.91813224047243
1.2990640955E9	2149.226880800955
1.3073121215E9	2228.3362553310344
1.3155601475E9	1174.7510167992928
1.3238081735E9	57210.54049601365
1.3320561995E9	1017.8236378009855
1.3403042255E9	426.5660756769004
1.3485522515E9	2726.225872863372
1.3568002775E9	996.9085873225462
1.3650483035E9	195.8082297900781
1.3732963295E9	2492.278792076922
1.3815443555E9	204.78367296222663
1.3897923815E9	968.6306357617241
1.3980404075E9	196.72652425456164
1.4062884335E9	508.1697154288392
1.4145364595E9	193.12319471706942
1.4227844855E9	205.31167109683483
1.4310325115E9	195.67931042472833
1.4392805375E9	194.18440626645602
1.4475285635E9	196.27313655495763
1.4557765895E9	196.79427115740774
1.4640246155E9	465.1732175531881
1.4722726415E9	272.57347780868713
1.4805206675E9	195.99729317917001
1.4887686935E9	195.8537486848726
1.4970167195E9	196.61676557951466
1.5052647455E9	195.99522281379913
1.5135127715E9	256.47401399960927
1.5217607975E9	196.81759567088352
1.5300077405E9	195.27606395944036
1.5341317535E9	0.0
1.5382568495E9	195.82937834146705
1.5465048755E9	194.7420651153837
1.5547529015E9	482.68563375445325
1.5630009275E9	211.4819189955906
1.5712489535E9	221.73510254566725
1.5794969795E9	196.1075787283422
1.5877450055E9	194.99358750421874
1.595221928E9	194.30607551906863
1.599345941E9	0.0
1.6042410575E9	189.67150538529407
1.6124890835E9	194.70578582914902
1.6207371095E9	1130.3851778656126
1.6289851355E9	196.18444372457978
1.6372331615E9	195.7325500530727
1.6433209975E9	195.45242238068423
1.6474450105E9	0.0
1.6537292135E9	1840.5360824742268
1.6619772395E9	207.65281438982788
1.6702252655E9	196.59755098362135
1.6784732915E9	196.59138479122763
1.6867213175E9	195.51790277285838
1.6934743095E9	194.23396388650042
1.6961786655E9	196.07224508459078
1.696274814E9	191.97994269340975
1.6963854715E9	185.68501010984207
1.6965578825E9	196.41997019374068
1.696661813E9	165.78016085790884
1.6967741785E9	780.4138972809668
1.6969170575E9	149.03703703703704
1.697018664E9	169.60256410256412
1.697105344E9	169.6875
1.697223072E9	172.53947368421052
1.697380707E9	184.22935779816513
1.6982754815E9	1067.766765483535
1.7032173695E9	1299.8530003768278
1.7114653955E9	196.17065267217805
1.7197134215E9	193.8280988694896
1.7279614475E9	195.15931995746845
1.7362094735E9	197.02165211566248
1.7444574995E9	197.01784534038333
1.7527055255E9	197.2799940268718
1.7609535515E9	2822.2576742381198
1.7692015775E9	1801.0628532101591
1.7774496035E9	2857.375841194727
1.7856976295E9	191.84043224031186
1.7939456555E9	196.1539813207527
1.8021936815E9	195.80530873526678
1.8104417075E9	196.63084323712508
1.8186897335E9	196.90866002534466
1.8269377595E9	196.91610698365528
1.8351857855E9	195.9099616218922
1.8434338115E9	356.16592579395126
1.8516818375E9	196.01256347714823
1.8599298635E9	192.61434210120572
1.8681778895E9	694.1869686861078
1.8764259155E9	193.7137551330003
1.8846739415E9	196.72967478691015
1.89227556E9	195.51877687341388
1.895830864E9	183.6306868867083
1.8964772715E9	196.45865108138517
1.9011699935E9	828.0163041678472
1.9094180195E9	195.18635924028231
1.9176660455E9	2167.9273010389043
1.9259140715E9	190.27917085495395
1.9341620975E9	1554.5357883140791
1.9424101235E9	199.96003079938401
1.9506581495E9	728.3511544052405
1.9589061755E9	189.6650176465265
1.9671542015E9	196.8121417442143
1.9754022275E9	196.26718323351733
1.9836502535E9	196.49372463673257
1.9918982795E9	195.18346275489483
2.0001463055E9	194.48428980370775
2.0083943315E9	195.80453790707273
2.0166423575E9	196.09325151265128
2.0248903835E9	193.53209048361936
2.0331384095E9	194.43890512427302
2.0413864355E9	211.40374030893057
2.0496344615E9	195.62726832997862
2.0578824875E9	194.47242718446603
2.0661305135E9	193.5361117279838
2.0743785395E9	190.92946368759112
2.082312835E9	196.23495626616355
2.086227972E9	188.40130963517305
2.0865417025E9	194.80146430750457
2.0908745915E9	1256.0691028477625
2.0991226175E9	195.07601223353265
2.1073706435E9	4192.137668372448
2.1156186695E9	1483.3456352339945
2.1238666955E9	196.60297804732573
2.1321147215E9	760.9355452427944
2.1403627475E9	195.82816049170629
2.1486107735E9	1467.723776029204
2.1568587995E9	195.24369461848585
2.1651068255E9	196.20929543612533
2.1733548515E9	194.79317622669313
2.1816028775E9	194.70550118382332
2.1898509035E9	190.97274544385655
2.1980989295E9	195.32653346244086
2.2063469555E9	194.4549227716988
2.2145949815E9	238.99716175442782
2.2228430075E9	209.1793005724195
2.2310910335E9	197.67153694858106
2.2393390595E9	238.99213092093896
2.2475870855E9	195.5988485530021
2.2558351115E9	195.19077886855877
2.263915105E9	195.950917160501
2.26791743E9	182.05454545454546
2.2680854625E9	189.15712074303406
2.2723311635E9	1229.5796427488276
2.2805791895E9	195.16068467560817
2.2888272155E9	1545.0867980688104
2.2970752415E9	1520.4865960585814
2.3053232675E9	1401.4372293307952
2.3135712935E9	809.3075037439899
2.3218193195E9	979.0956441305697
2.3300673455E9	192.14857267378514
2.3383153715E9	194.75065889508363
2.3465633975E9	194.15793404404874
2.3548114235E9	1116.2015740054735
2.3630594495E9	190.9275076923077
2.3713074755E9	194.73589551672146
2.3795555015E9	195.38699890579926
2.3878035275E9	194.79685924218413
2.3960515535E9	196.09238701251365
2.4042995795E9	196.12103716592344
2.4125476055E9	195.71424328169212
2.4207956315E9	196.68590585881526
2.4290436575E9	195.99367010471263
2.435968712E9	194.57293197915274
2.440092725E9	1545.6524435969404
2.4455397095E9	621.1432263724798
2.4537877355E9	194.86077034608837
2.4620357615E9	195.49488953048527
2.4702837875E9	252.94224973974028
2.4785318135E9	978.0112382666838
2.4867798395E9	196.2382700518912
2.4950278655E9	323.0571404008998
2.5032758915E9	1355.7491771962532
2.5115239175E9	572.6566898360007
2.5197719435E9	195.1699874349309
2.5280199695E9	647.92531915245
2.5362679955E9	196.1341584334774
2.5445160215E9	1011.8612309670394
2.5527640475E9	195.62324756817281
2.5610120735E9	195.02167085046264
2.5692600995E9	197.6970982079665
2.5775081255E9	197.13307762319593
2.5857561515E9	196.0544598846783
2.5939979455E9	194.150753405247
2.5981219585E9	0.0
2.6022522035E9	2343.795439818565
2.6105002295E9	193.43040957722582
2.6187482555E9	195.6934284551483
2.6269962815E9	196.50773821047477
2.6352443075E9	924.3827647718124
2.6434923335E9	201.0583532798298
2.6517403595E9	194.5962480427189
2.6599883855E9	969.1025875571706
2.6682364115E9	907.4479087567962
2.6764844375E9	193.74166238082051
2.6847324635E9	193.80721886611227
2.6929804895E9	318.7351797584161
2.7012285155E9	195.93650635788876
2.7094765415E9	193.0683440624956
2.7177245675E9	195.2611672427546
2.7259725935E9	193.61938507257972
2.7342206195E9	194.6758146422115
2.7407994975E9	196.24052784246436
2.7449235105E9	195.77819371108833
2.7507166715E9	833.6169655083876
2.7589646975E9	573.5999363665288
2.7672127235E9	2951.6752263374487
2.7754607495E9	229.0969889779559
2.7837087755E9	2597.9360680070167
2.7919568015E9	169.61342592592592
2.8002048275E9	194.71929824561403
2.8084528535E9	194.2743318945725
2.8167008795E9	195.66232226477538
2.8249489055E9	214.39678162312867
2.8331969315E9	195.44336275556557
2.8414449575E9	196.6470772454476
2.8496929835E9	196.38345693366432
2.8579410095E9	196.2885625123836
2.8661890355E9	196.19788254136637
2.8744370615E9	195.6965804841515
2.880105077E9	193.29118938062476
2.8816691105E9	200.67198177676536
2.8817081685E9	197.3902027027027
2.881815618E9	194.8438940092166
2.8819235655E9	199.5580007459903
2.8821203125E9	192.39197336452804
2.88242567E9	203.10675039246468
2.8826085695E9	190.59241706161137
2.882755976E9	188.4678747940692
2.882939838E9	197.61238062755797
2.8830861915E9	197.42737927801218
2.8833246155E9	195.04732739420936
2.8835330345E9	176.9099099099099
2.8840139925E9	195.57542318405828
2.884682622E9	193.36830466830466
2.8849783395E9	200.52812394745706
2.8851293765E9	183.471875
2.88523294E9	197.16544117647058
2.885380196E9	194.99831791421363
2.8855523165E9	197.54843669912864
2.8856843195E9	187.34308510638297
2.885822535E9	189.43629343629343
2.885958065E9	182.9306358381503
2.886082272E9	172.375
2.886192519E9	191.37193763919822
2.886295634E9	198.95817120622567
2.88640561E9	198.86949152542374
2.8865546035E9	193.71372549019608
2.8867224755E9	186.5456475583864
2.8868061825E9	211.42857142857142
2.886892758E9	202.17862301396244
2.887031009E9	181.3464566929134
2.8871976565E9	200.01495016611295
2.887400046E9	191.7783203125
2.887577206E9	195.98413258110014
2.8877881565E9	181.8341968911917
2.8879687995E9	194.52578796561605
2.8881279725E9	199.72901603269412
2.888311843E9	193.45234806629836
2.8884852595E9	197.63480392156862
2.8886875845E9	178.64820846905536
2.888985801E9	174.52238805970148
2.889229866E9	185.50746268656715
2.8895790755E9	198.6716354943046
2.889951796E9	189.6073619631902
2.8901135465E9	197.53810208483105
2.8902557705E9	184.65437788018434
2.8904186985E9	186.49407114624506
2.8906437185E9	178.49545454545455
2.8908288345E9	191.32292460015233
2.890981424E9	194.4486308420836
2.8911688005E9	195.5094049247606
2.8913080195E9	175.22222222222223
2.8914628095E9	174.33050847457628
2.8916585145E9	199.4179523141655
2.8925472575E9	196.69520260829063
2.893404342E9	180.1328125
2.8935413165E9	180.88372093023256
2.8937144E9	186.41397849462365
2.8938670755E9	196.3490410958904
2.894495074E9	197.48263027295286
2.896831261E9	197.59060438391148
2.8986932995E9	189.37764350453173
2.8988572775E9	192.872
2.8989957195E9	193.06906077348066
2.8994933275E9	196.32767245918905
2.89996607E9	191.0
2.900096484E9	188.41176470588235
2.9002881635E9	196.289139225881
2.9005228225E9	197.25425570445492
2.9007376895E9	191.64241164241164
2.9009214585E9	195.6557126480703
2.9011053345E9	195.16725352112675
2.901244009E9	197.84820239680425
2.9018593855E9	200.35258810415297
2.902550898E9	193.15360696517413
2.9027498425E9	180.81362725450902
2.9029180535E9	191.996138996139
2.9030958505E9	192.707015130674
2.903236903E9	178.64677804295943
2.903378271E9	191.3048128342246
2.9035976075E9	187.67101226993864
2.9042365785E9	195.71271429987118
2.9048794465E9	198.99135268684373
2.9053418075E9	193.63578333029363
2.9057249595E9	194.0261437908497
2.905983073E9	184.46153846153845
2.906237048E9	190.8380108321024
2.9063221355E9	196.79611650485438
2.906419947E9	195.75426356589148
2.906652359E9	192.97325692454632
2.9068714015E9	193.68802781917535
2.9070190175E9	189.75968992248062
2.907136287E9	199.33055975794252
2.9072577055E9	197.84904416611732
2.9073733645E9	198.35638297872342
2.9076229215E9	197.34982851543361
2.9079320895E9	194.15804764671702
2.9081124645E9	192.23816568047337
2.9083581135E9	197.30505664548218
2.908607172E9	197.1619876473891
2.908806396E9	193.39210462581738
2.9090000085E9	189.5864253393665
2.909237002E9	194.75184764070494
2.909487479E9	198.4471403812825
2.909666712E9	188.04516129032257
2.9098444145E9	203.62848360655738
2.910040618E9	195.70606214977076
2.910170176E9	187.51269035532994
2.910297114E9	184.1216216216216
2.910473855E9	190.7898603967671
2.910761647E9	197.88629153447988
2.9109858275E9	194.04745762711863
2.9110662745E9	179.37254901960785
2.911245746E9	196.97104818258666
2.9114494045E9	196.6563368241077
2.911543586E9	173.5
2.9116129135E9	188.89361702127658
2.9117490855E9	194.13137472283813
2.9118852715E9	198.3606830487297
2.91203718E9	175.81454545454545
2.91216737E9	200.99476211261458
2.9122334675E9	188.58389261744966
2.9123573765E9	196.13318777292577
2.9125433715E9	197.61818181818182
2.9126854405E9	180.24107142857142
2.9128219235E9	178.59016393442624
2.913059947E9	194.24759871931698
2.913232047E9	191.43396226415095
2.9134117735E9	193.8537022802972
2.914328412E9	196.16271314892003
2.915174319E9	191.24450704225353
2.915940367E9	200.37838492760648
2.916855563E9	197.39514348785872
2.9172265895E9	197.03625377643505
2.9175218075E9	197.84391736801837
2.917833762E9	195.92515856236787
2.918104484E9	195.28416378885052
2.918421329E9	194.34191702432045
2.9188311555E9	197.23098201936375
2.919113692E9	194.0792847503374
2.9192127795E9	190.90616246498598
2.919361199E9	194.16531426213726
2.919639416E9	195.0329149232915
2.920969266E9	196.40791457673015
2.9222335585E9	196.73897249610795
2.9223746255E9	198.94356261022926
2.922607307E9	192.55596499309075
2.922990831E9	192.89142857142858
2.9232848535E9	196.0570696040262
2.9248217345E9	196.5053210693716
2.926399337E9	200.38843813387425
2.926573575E9	205.2002085505735
2.926675323E9	200.59588353413653
2.9273955645E9	191.5528875379939
2.9283065605E9	194.34988241442383
2.928675888E9	182.80851063829786
2.928905799E9	188.6234939759036
2.929078094E9	187.1264367816092
2.929177585E9	184.59151785714286
2.929312155E9	193.99238653001464
2.929457484E9	186.05555555555554
2.929658268E9	191.00892857142858
2.929885578E9	186.96138996138995
2.9300671115E9	197.90515043345232
2.9302185265E9	184.2344827586207
2.9303547775E9	186.77441077441077
2.930518526E9	189.18346456692913
2.930682299E9	194.8086746987952
2.9307971655E9	188.33898305084745
2.930854517E9	188.27819041188386
2.93107383E9	192.76030303030302
2.9313517695E9	193.71391076115486
2.9315308925E9	195.56774580335733
2.9317028365E9	194.52501761804086
2.9318023465E9	192.02094717668487
2.9319408055E9	196.37908256880735
2.9325515445E9	197.157215421767
2.9331095955E9	190.99519230769232
2.9332331755E9	197.42520775623268
2.933321893E9	190.7501512401694
2.93344294E9	193.95322012175583
2.933566615E9	176.05555555555554
2.933681945E9	171.69005847953215
2.9338372665E9	189.75652173913045
2.934009815E9	190.7578947368421
2.93414774E9	195.51111111111112
2.934243411E9	196.74099168463198
2.9343431015E9	193.50644202180376
2.9345144045E9	198.57995016854755
2.9347374925E9	193.5320317266626
2.934982691E9	197.5916683041855
2.9352665915E9	194.41702257474068
2.93544909E9	194.80416156670748
2.9355482175E9	195.4848484848485
2.935678085E9	195.6590909090909
2.935901925E9	184.99545970488083
2.9361164625E9	197.36091410559496
2.936242911E9	199.00973236009733
2.9363673145E9	205.45996860282574
2.936522572E9	199.30128205128204
2.936686298E9	204.56756756756758
2.936850338E9	201.94083694083693
2.937037971E9	198.5740291262136
2.9372448465E9	204.80234260614935
2.9374273685E9	198.43074581430747
2.9375904835E9	203.16795069337442
2.937768082E9	199.27892234548335
2.9379456715E9	201.87942122186496
2.9381121175E9	202.06124497991968
2.9383003025E9	193.69977595220314
2.9384879905E9	188.68
2.9386500475E9	198.28988149498633
2.938920769E9	192.8822474596533
2.9396822515E9	196.65462427745663
2.940319939E9	195.77005649717515
2.94246535E9	199.3622062132471
2.9448629825E9	196.97245467224548
2.945276117E9	188.0218487394958
2.945440031E9	185.3352435530086
2.945667854E9	191.19953271028038
2.945880553E9	202.230092740646
2.946041221E9	192.15107033639143
2.946434708E9	203.52088683444615
2.9468190745E9	198.21973407977606
2.9494979735E9	196.1763489957733
2.952147541E9	194.99099099099098
2.952294951E9	193.95183842568616
2.9525364005E9	197.34667138810198
2.9527433355E9	199.54007633587787
2.9527903395E9	173.91666666666666
2.9535019345E9	197.77306029579069
2.954297591E9	188.4703947368421
2.9544634765E9	189.13830845771145
2.9549070915E9	196.52309491327227
2.955308858E9	196.85325264750378
2.955482869E9	189.7143928035982
2.9557224705E9	203.48893360160966
2.9559104E9	201.61699164345404
2.9560879905E9	196.42
2.9562757145E9	202.46639231824417
2.956432736E9	202.35746606334843
2.956579642E9	198.11478260869566
2.956763995E9	201.63842662632376
2.9570041095E9	205.53477868112014
2.957239189E9	204.12012012012013
2.9574278325E9	198.13266998341626
2.9576057785E9	197.53614239011986
2.957966948E9	193.6387461459404
2.959643091E9	197.20883967071737
2.9619454965E9	196.28228019592177
2.9629642995E9	194.55457679050173
2.9631882465E9	195.0334977927811
2.9638297045E9	196.57291365867744
2.964449908E9	197.4348623853211
2.964631061E9	202.79
2.964824549E9	194.08747514910536
2.9650100095E9	200.36677631578948
2.9652029495E9	196.9471153846154
2.965396084E9	203.43627450980392
2.965570043E9	205.58362989323842
2.9657404625E9	198.94244935543279
2.967555776E9	198.6580280188372
2.9698945975E9	199.14277537002206
2.971045755E9	197.7173403632103
2.971690351E9	198.1889708465051
2.974202933E9	197.03369429404415
2.977077113E9	193.06105834464043
2.977610308E9	198.5072094995759
2.9777653145E9	199.96103409516672
2.9801505935E9	196.8268770535026
2.982955129E9	195.30487089201878
2.983539274E9	199.31673881673882
2.984703745E9	196.82119087762888
2.9871683795E9	196.6312296598813
2.9890448965E9	198.54867524602574
2.9895768225E9	200.6367461430575
2.990013438E9	197.85915304207987
2.9909450775E9	196.47139397608598
2.991486762E9	198.7098218282747
2.9914961835E9	192.5
2.991498403E9	208.0
2.9915004565E9	172.45454545454547
2.9915021635E9	216.5
2.9915136375E9	177.44444444444446
2.9915265835E9	213.75
2.991529392E9	214.88888888888889
2.9915307145E9	0.0
2.9915325745E9	176.2
2.9915342115E9	0.0
2.99154091E9	169.33333333333334
2.9915659545E9	0.0
2.991585389E9	142.66666666666666
2.9915873015E9	154.0
2.991589869E9	126.5
2.991591628E9	0.0
2.991593215E9	139.5
2.991595448E9	192.0
2.9915976785E9	0.0
2.99159977E9	216.5
2.991601514E9	301.0
2.991602727E9	0.0
2.9916041595E9	145.0
2.991605782E9	0.0
2.991802493E9	185.28128400435256
2.99199914E9	147.50862068965517
2.9920006435E9	132.85714285714286
2.9920034905E9	157.26817042606515
2.992051942E9	171.105
2.992154686E9	202.2330557605144
2.992212966E9	156.2
2.992216201E9	164.42857142857142
2.9922185675E9	146.71428571428572
2.9922208195E9	149.875
2.992222888E9	161.3
2.9922245135E9	195.25
2.992236508E9	174.52380952380952
2.9923169155E9	167.80297397769516
2.9923888155E9	141.8
2.992395716E9	145.2
2.99240296E9	159.17857142857142
2.992408817E9	141.73333333333332
2.99241312E9	169.71428571428572
2.992415696E9	168.0
2.992418137E9	107.0
2.9924207125E9	103.0
2.992422293E9	172.28571428571428
2.992468444E9	186.3056603773585
2.9925146995E9	184.0
2.9925161E9	0.0
2.9925175995E9	133.88888888888889
2.992519784E9	161.16666666666666
2.992522045E9	115.5
2.9925263445E9	185.55555555555554
2.992545384E9	151.73076923076923
2.9925831375E9	163.42857142857142
2.992607717E9	186.75
2.992612316E9	216.44444444444446
2.9926178245E9	185.33333333333334
2.9926241555E9	181.28571428571428
2.992628755E9	191.0
2.9926331735E9	166.47619047619048
2.9926368975E9	184.42335766423358
2.9926382435E9	153.0
2.9926394475E9	157.0
2.992641481E9	138.13793103448276
2.9926433545E9	130.5
2.9926445925E9	137.0
2.9926460205E9	239.0
2.9926472475E9	170.47368421052633
2.992648321E9	156.8181818181818
2.992649783E9	144.5
2.992652112E9	118.0
2.9926553045E9	259.0
2.9926612295E9	145.2
2.9926659135E9	0.0
2.99266696E9	0.0
2.9926681315E9	146.0
2.992669974E9	152.0
2.992671936E9	286.0
2.992673276E9	159.5
2.9926747875E9	0.0
2.9926763355E9	0.0
2.9926774285E9	0.0
2.9926788075E9	106.0
2.9926804435E9	166.0
2.9926820605E9	171.0
2.9926835895E9	0.0
2.9926850725E9	0.0
2.992686387E9	0.0
2.9926878375E9	0.0
2.9926892975E9	144.0
2.9926919E9	146.5
2.9926945755E9	286.0
2.9926964715E9	149.0
2.9926986245E9	216.0
2.992700175E9	114.0
2.9927020895E9	0.0
2.992704681E9	282.0
2.9927100795E9	180.54166666666666
2.9927178965E9	171.41176470588235
2.9928131655E9	187.25389755011136
2.9929942125E9	194.4092792046396
2.9931647125E9	184.9431696332833
2.99333546E9	196.33688191623477
2.9935040225E9	189.04016064257027
2.9935902425E9	200.1875
2.993679866E9	193.61877667140826
2.9938673145E9	185.06378600823047
2.994003041E9	174.71069182389937
2.994087277E9	193.68477043673013
2.994162061E9	196.49641577060933
2.9942162495E9	196.54873451803985
2.99434886E9	196.85256410256412
2.994494888E9	183.0090909090909
2.994620928E9	191.078250863061
2.9947747325E9	196.75497113534317
2.9949245285E9	184.24952015355086
2.995013772E9	0.0
2.9950591165E9	189.44897959183675
2.995110684E9	186.2340025094103
2.995149141E9	187.84615384615384
2.9952072975E9	169.64566929133858
2.995282718E9	173.2089552238806
2.9953872025E9	186.57929515418502
2.995549431E9	188.83842498302783
2.9957311045E9	163.30901438091897
2.995899982E9	197.44685408299867
2.99913101E9	195.14431574902562
3.0064054775E9	195.32931869396367
3.0146535035E9	6107.016637240705
3.0229015295E9	362.0418917926498
3.0311495555E9	1542.3453151928409
3.0393975815E9	196.2130792404292
3.0476456075E9	198.66005800422923
3.0558936335E9	3050.447725820196
3.0641416595E9	197.16620534626114
3.0723896855E9	197.35089151717327
3.0806377115E9	193.30130844237019
3.0888857375E9	191.85132382892058
3.0971337635E9	197.92831130382385
3.1053817895E9	196.83522851751601
3.1136298155E9	377.7516695741044
3.1218778415E9	194.62867236261442
3.1301258675E9	378.1392798145753
3.1383738935E9	411.18768784329984
3.1466219195E9	195.99159449192
3.1513836915E9	197.77780781186647
3.1555077045E9	191.02756467911752
3.1631179715E9	9942.39331210191
3.1713659975E9	139.81720430107526
3.1796140235E9	136.69461077844312
3.1878620495E9	0.0
3.1961100755E9	19.0
3.2043581015E9	0.0
3.20886549E9	194.85459662288932
3.2092674855E9	0.0
3.209519677E9	198.69103066635924
3.209892578E9	197.49018712916475
3.2101846785E9	195.15240413877055
3.2105124185E9	195.11830912184269
3.2107704875E9	197.38292011019283
3.2109366555E9	194.28499460237495
3.2111129705E9	188.89258114374033
3.211276395E9	174.5
3.211417082E9	190.09777777777776
3.2117631015E9	197.27749475576866
3.2120996225E9	192.33177570093457
3.2123906835E9	195.07512764405544
3.212785749E9	192.13968061451385
3.213056867E9	195.90238742822606
3.213403592E9	197.6771628498728
3.2137350435E9	173.5071770334928
3.2140934165E9	196.92010338240252
3.214431141E9	191.71627906976744
3.214684071E9	196.86487176215388
3.214970895E9	187.3003875968992
3.2152807965E9	193.8128772635815
3.2157122075E9	199.23963173292032
3.216124641E9	196.56467315716273
3.2165191445E9	190.89458272327965
3.2167284695E9	163.66666666666666
3.216816394E9	184.71428571428572
3.2169855065E9	162.2357723577236
3.217221355E9	194.24342745861733
3.2174198055E9	191.02391904323827
3.217547141E9	182.05405405405406
3.2177472715E9	194.65792759051186
3.218075865E9	197.82346899473617
3.2184014195E9	185.79830917874395
3.21861934E9	188.75298210735588
3.218790037E9	181.74822695035462
3.218927574E9	191.28040540540542
3.219178228E9	191.75440729483282
3.219695868E9	195.76912906957529
3.2201537955E9	200.27246488358668
3.220316351E9	184.9793388429752
3.2205178835E9	178.3582089552239
3.2208124235E9	181.23444976076556
3.2210694465E9	194.38006535947713
3.221262018E9	199.19746419347265
3.221402796E9	192.55412186379928
3.221707994E9	195.10431034482758
3.2222369555E9	197.3505517503805
3.2228721145E9	199.98809144072303
3.2233024115E9	197.20847651775486
3.224185272E9	196.2174693986163
3.227369036E9	194.73603985584057
3.2298928435E9	186.59910581222056
3.2301042805E9	182.31517509727627
3.2302653395E9	193.15939189718674
3.2304298405E9	184.12206572769952
3.230578831E9	172.0
3.2308109625E9	196.75599669148056
3.2311861265E9	178.76168224299064
3.231488962E9	171.32394366197184
3.231720614E9	196.08550096339113
3.231991785E9	193.45630420280187
3.2321666995E9	184.7015503875969
3.232216515E9	196.33333333333334
3.2323221585E9	195.19566939529972
3.2325224045E9	201.00095785440612
3.232694619E9	199.47159841479524
3.2328560365E9	200.62298764507676
3.233001453E9	198.5382213339995
3.233110552E9	193.8958904109589
3.233195703E9	195.14746543778801
3.233719122E9	196.01119681512813
3.2344825705E9	197.16106764841234
3.234858778E9	187.7570093457944
3.2350518705E9	187.31360946745562
3.2352970795E9	180.16176470588235
3.235487229E9	191.01605288007553
3.23556284E9	197.72287862513426
3.2357844895E9	199.2762784090909
3.2360469455E9	175.2280701754386
3.236148746E9	178.08474576271186
3.2362408545E9	183.58482142857142
3.2363769755E9	198.27576601671308
3.2365418755E9	193.96702127659574
3.2369905015E9	197.18549059935194
3.2374218665E9	188.81634938409854
3.239490992E9	196.89503607407653
3.241990473E9	196.0600976852835
3.2436894095E9	199.53623890234059
3.2449015995E9	195.47852298417484
3.245894665E9	196.83003027800714
3.246991954E9	197.21675865529352
3.24716499E9	201.86659843056978
3.2472888625E9	186.4095744680851
3.24751439E9	196.43582725060827
3.247732711E9	195.7275324463309
3.2479482185E9	196.578148482116
3.248209812E9	195.03503184713375
3.24843581E9	197.9013209013209
3.248742054E9	193.10626702997274
3.2489922825E9	182.97115384615384
3.249241512E9	195.02284937936145
3.2495832255E9	196.66168395363027
3.249768684E9	202.1193817368314
3.2498970865E9	194.15765765765767
3.2500641525E9	201.88056680161944
3.250233321E9	191.7300771208226
3.2504641475E9	200.5667259786477
3.2507314375E9	198.88684582743988
3.250931609E9	204.03049759229535
3.25110035E9	204.72914285714285
3.251272805E9	200.86725663716814
3.251406084E9	199.11244979919678
3.251536554E9	198.59232613908873
3.2517286605E9	199.74604847207587
3.251890496E9	192.39473684210526
3.252026404E9	199.8148148148148
3.252184881E9	201.57085828343313
3.252336209E9	197.8540305010893
3.2524929725E9	198.23693086003374
3.2526492185E9	198.16435185185185
3.252814558E9	197.97
3.252978446E9	195.35632183908046
3.2531275405E9	193.19360568383658
3.25325064E9	190.8378516624041
3.2533951605E9	181.8108108108108
3.2535133475E9	0.0
3.2536423935E9	209.0
3.2537978295E9	192.90567388580632
3.253870882E9	181.89705882352942
3.253946123E9	190.79166666666666
3.254096418E9	196.17161936560936
3.254345392E9	190.54085970713274
3.2545957105E9	195.38980716253442
3.254776607E9	174.86705202312137
3.254944905E9	187.11167512690355
3.2550827185E9	196.7031076581576
3.2552740765E9	197.85677476677031
3.2555665205E9	197.54753521126761
3.255809726E9	196.88235294117646
3.256051128E9	197.70231323473644
3.256279016E9	187.5414847161572
3.256596293E9	194.9173161640122
3.256894877E9	184.22264150943397
3.2570348465E9	173.75
3.257231861E9	186.7211055276382
3.257389304E9	185.93010752688173
3.257504313E9	190.77198697068403
3.257685022E9	195.1191381495564
3.257881507E9	185.0426267281106
3.257999374E9	193.93710191082803
3.2581168145E9	185.92315573770492
3.2582318895E9	174.19148936170214
3.258321402E9	178.38059701492537
3.2585547095E9	156.27109004739336
3.258863297E9	172.7701612903226
3.2590463295E9	196.87189359467973
3.25912794E9	184.71212121212122
3.259291952E9	189.08144552319308
3.2594320355E9	186.33333333333334
3.259672221E9	194.47348837209302
3.2600461745E9	193.95134575569358
3.2603277075E9	192.37083708370838
3.2605482325E9	197.43048878205127
3.260742234E9	198.59881491808991
3.260933481E9	195.69689119170985
3.261038819E9	171.60526315789474
3.261157713E9	198.35121951219512
3.2614027625E9	191.513191060326
3.2617565025E9	192.9521322889469
3.261965113E9	216.0
3.2620482395E9	188.93988439306358
3.2621604085E9	200.94157862026103
3.262392697E9	192.07524059492565
3.2627244025E9	178.95634920634922
3.263054774E9	191.77512355848435
3.264735664E9	197.769552062093
3.2674858885E9	197.30436891241968
3.2689381125E9	197.04284114243046
3.269171626E9	190.35893155258765
3.269355991E9	197.87811783740057
3.2695604285E9	196.41269025092555
3.26965773E9	191.38040345821327
3.26993266E9	193.2856636091826
3.270438985E9	185.3758686730506
3.2709049115E9	173.63841584158416
3.271341747E9	187.17860151642796
3.271578546E9	182.06060606060606
3.271593411E9	178.78947368421052
3.2716165405E9	191.61290322580646
3.2716650485E9	179.3448275862069
3.2719007085E9	196.41990920881972
3.2721096115E9	171.11111111111111
3.2729032935E9	195.72393019769777
3.2739480185E9	194.88560671879526
3.2743123675E9	196.97547547547546
3.2744423285E9	193.13311688311688
3.274567552E9	201.948155216285
3.275092502E9	194.76466916354556
3.2756214355E9	198.13428728673637
3.275894228E9	202.27212417073477
3.27618417E9	198.9499242551759
3.276393725E9	179.2092050209205
3.2767256195E9	198.74883758871033
3.277112807E9	198.48746298124382
3.2774711835E9	197.20022481382605
3.278164618E9	197.17066925046717
3.278892452E9	199.16605774896877
3.279410368E9	196.46783536585366
3.279738184E9	197.8695652173913
3.2799490295E9	196.66718386346005
3.2803376225E9	197.4041074249605
3.2808102315E9	196.62991689750692
3.281147748E9	197.42011354420114
3.2814049345E9	198.09276769741885
3.2816159575E9	188.96932515337423
3.282193494E9	196.24276778733386
3.2832442865E9	197.69417580055878
3.283878427E9	196.44475920679886
3.284133872E9	196.96503256770654
3.2845392805E9	199.44310589188095
3.2848106465E9	220.71186440677965
3.2850194105E9	197.2298927613941
3.285443183E9	180.84039087947883
3.2858902635E9	195.0769550748752
3.2861802865E9	185.86876640419948
3.28630889E9	200.29335370511842
3.286466028E9	195.0432824618464
3.2865893585E9	191.1370481927711
3.2868938375E9	189.6185873605948
3.28734903E9	191.00194741966894
3.2877605135E9	198.83831168831168
3.2880997695E9	197.2300556586271
3.2883004E9	199.08486590038314
3.288620315E9	191.98617430871545
3.2888990915E9	203.45754461871283
3.2891327555E9	200.8800374882849
3.2894356555E9	201.67982646420825
3.289618521E9	196.45806668912093
3.290032112E9	198.7380176826431
3.290495438E9	197.6633744855967
3.290779908E9	191.97728706624605
3.291357195E9	197.53705198579271
3.291795873E9	194.22648851991178
3.292007229E9	196.5477513366181
3.292443998E9	196.37114142139268
3.292899688E9	204.55816135084427
3.293172412E9	195.02369353410097
3.2933761555E9	194.46922989420997
3.2935874075E9	191.99168076706147
3.293753565E9	186.46113306982872
3.2939389925E9	197.17810693641619
3.294096681E9	195.1799829400057
3.2943081635E9	202.97573741226114
3.2945439495E9	194.80887656033286
3.294749721E9	196.522397094431
3.295064449E9	198.29028021015762
3.2954106905E9	197.21947125472093
3.2960894555E9	193.82427331068328
3.296694698E9	191.8882100396301
3.2968400715E9	193.68029350104823
3.297055838E9	195.0327002892718
3.2972554895E9	194.88074204946997
3.297360178E9	198.12618784530386
3.297577521E9	197.10025706940874
3.2980344385E9	198.83736346516008
3.298777168E9	180.5
