# Position (bp)	A	C	G	T	N
0.0	26.128266737370975	25.160399911010096	24.130539413963923	24.496773449725655	0.0840204879293491
1.0	25.89878795894925	24.385493742623513	23.758281889168533	25.9554930069783	0.0019434022804002257
2.0	24.99830998920591	25.158477224015908	24.012836389572165	25.827664054759147	0.0027123424468705566
3.0	25.040746740670688	24.95450667637586	24.077952434735693	25.922693899620004	0.004100248597756182
4.0	25.3289761731632	24.543487444622063	24.231976701907225	25.888039720832072	0.007519959475441048
5.0	25.203893756836543	25.045229986792734	24.297343724552647	25.437572384162	0.01596014765607734
6.0	25.258703458745913	24.690175616825307	24.15229545400941	25.89094599355307	0.00787947686629769
7.0	25.36847395274436	24.802938454680245	23.854034319150443	25.971117638244884	0.003435635180065716
8.0	25.267107661645618	24.917301796389772	23.801054050664845	26.014043239959605	4.932513401547415E-4
9.0	25.487872794042183	24.736272298278152	23.840029602122918	25.935500108038767	3.251975179860842E-4
10.0	25.380905086880528	24.734800450361092	23.87163607805964	26.01114067054624	0.0015177141525023463
11.0	25.294329760945555	24.8128042854184	23.87999336972776	26.010915900195624	0.001956683712655417
12.0	25.368895271071334	24.722613652718	23.838791827762762	26.067507378104988	0.0021918703429199445
13.0	25.347720573363848	24.71572659809509	23.85162665041447	26.08387438609955	0.0010517920270422798
14.0	25.265601917777143	24.82166583476924	23.897530556641637	26.013777505034703	0.0014241857772776972
15.0	25.307379716118206	24.767999297416367	23.893808414391728	26.028656071286697	0.002156500787002243
16.0	25.271519124741836	24.783415609840727	23.899642515021355	26.045097714930016	3.2503546606615187E-4
17.0	25.20993512139087	24.88621123073848	23.948479021483582	25.951437002472865	0.003937623914206647
18.0	25.26166900617495	24.856362037851525	23.91375531459712	25.967814663199412	3.9897817699090856E-4
19.0	25.25073788729057	24.840624573768324	23.912160347639645	25.99552218299771	9.550083037514871E-4
20.0	25.18919695774877	24.92062598800653	23.974226675042093	25.915830697021626	1.1968218097636274E-4
21.0	25.246289796768767	24.88430826989665	23.955807415060022	25.91309835374687	4.961645276919687E-4
22.0	25.253531783139522	24.83993659960182	23.97273370669271	25.932158216438296	0.0016396941276511437
23.0	25.20928137646245	24.91923825813107	24.0308676157139	25.839450127318784	0.0011626223737958247
24.0	25.275215169613574	24.858554389277295	23.99148795075094	25.87368211987671	0.0010603704814796655
25.0	25.271497794190655	24.824772467651606	24.034389965738654	25.868393278202497	9.46494216583787E-4
26.0	25.210988895329173	24.91402240272462	24.078570951773646	25.794322878895258	0.0020948712773063375
27.0	25.29366206595183	24.850574294680392	24.044418530313102	25.809532785473703	0.0018123235809772268
28.0	25.280639164888257	24.83766459847317	24.05821984682009	25.821147258250686	0.0023291315677978707
29.0	25.21325124671337	24.90453442405622	24.12376837934038	25.757171311213746	0.0012746386762882331
30.0	25.28973708003528	24.84752994594565	24.102540231240248	25.755442276891237	0.004750465887587491
31.0	25.27553869755006	24.84585831966386	24.098948619318016	25.773815307785377	0.005839055682687483
32.0	25.243605793768893	24.90277185923804	24.153918552393545	25.692515266854958	0.007188527744563647
33.0	25.298838614766872	24.84575329002091	24.124036866913926	25.724521709476367	0.0068495188219259715
34.0	25.27028254588444	24.84701364248427	24.12626267964492	25.74785574799934	0.008585383987032381
35.0	25.23565839735895	24.906176175044198	24.16797512404651	25.683931545641396	0.006258757908942335
36.0	25.301854319185807	24.856080321202377	24.12486926930913	25.71337783176429	0.0038182585383988842
37.0	25.27250863131416	24.84873423803851	24.15096399783169	25.723055814065766	0.004737318749881329
38.0	25.229499302780876	24.905605624440035	24.187023992216957	25.672007773933565	0.005863306628558719
39.0	25.28527889598792	24.852566224540954	24.171817428287348	25.682675003215056	0.007662447968729168
40.0	25.289643229496573	24.839749248138716	24.167401634797365	25.69527832817578	0.007927559391567295
41.0	25.240930359192614	24.90881449456958	24.225878110182826	25.619509953325448	0.0048670827295288
42.0	25.29367695304565	24.86889602405353	24.17823540999199	25.65213400741651	0.0070576054923178425
43.0	25.27409277822448	24.85998654453483	24.17416500827837	25.68757410394679	0.004181565015524641
44.0	25.233667265910665	24.92176244282803	24.231835462664446	25.608324679513377	0.0044101490834817705
45.0	25.292819802540016	24.869331327382238	24.200750120891406	25.633883565475024	0.0032151837113092445
46.0	25.281976557738396	24.868238309521306	24.19379798746316	25.653942009249665	0.002045136027473598
47.0	25.236280269027105	24.920950713217408	24.255886287165712	25.584777741303117	0.0021049892866599343
48.0	25.31848579605464	24.865090520908478	24.19958357345487	25.61491625637346	0.001923853208554181
49.0	25.289116956146234	24.854808679942646	24.213784210905796	25.63953357144037	0.0027565815649465077
50.0	25.246754972758744	24.906514962883143	24.26713812565798	25.575898727289765	0.0036932114103744437
51.0	25.312163576670276	24.85662884753768	24.225774916945543	25.603180469841362	0.0022521890051307443
52.0	25.292909319884384	24.85590414412017	24.216354719452283	25.632818948247895	0.0020128682952682653
53.0	25.257425682999546	24.90595539952753	24.282764793406223	25.55125698750243	0.0025971365642720574
54.0	25.329295334462916	24.84238048133256	24.236772071137413	25.589071296717137	0.002480816349977647
55.0	25.306135112300648	24.84880648094741	24.23645273032879	25.60575000084565	0.0028556755775020004
56.0	25.276800380372016	24.89205918392589	24.29433279569527	25.533058474302155	0.003749165704663382
57.0	25.344834448704756	24.836769699258003	24.234621809421085	25.580593334327524	0.0031807082886324135
58.0	25.330810002811322	24.82269468178587	24.25573489404152	25.5852591286323	0.005501292728989024
59.0	25.276931838769762	24.88277513659812	24.2901125846407	25.546054615510144	0.0041258244812760626
60.0	25.346592102471107	24.830883660189606	24.24727667333287	25.566760557620672	0.008487006385742958
61.0	25.349450661358546	24.811536185030032	24.25459348561514	25.577342163100443	0.007077504895842194
62.0	25.321571241995716	24.845157519008342	24.313178486405455	25.514552845506156	0.005539907084329281
63.0	25.37743698691376	24.799064539086075	24.264252663220358	25.554975036083395	0.004270774696419653
64.0	25.366973664051994	24.77593842460044	24.266758182272444	25.587050508533128	0.0032792205419950576
65.0	25.34258775452674	24.824808985189456	24.31715824312775	25.509593803762026	0.005851213394026795
66.0	25.398980517835117	24.782692228752392	24.27615574233598	25.534377401524676	0.007794109551829224
67.0	25.388869545650483	24.76299157135532	24.275980896090697	25.56587243892288	0.0062855479806153735
68.0	25.344319283214993	24.812742135834778	24.339028102858173	25.497998800172965	0.005911677919084052
69.0	25.429944231881613	24.745428140309603	24.289495888108068	25.52993729487014	0.005194444830572973
70.0	25.406450006291305	24.74157976834071	24.302864698644267	25.544736450947287	0.004369075776435481
71.0	25.4115337428373	24.75722353354319	24.359299999465378	25.470436137213852	0.0015065869402808144
72.0	25.466739138037592	24.694444749789927	24.314505538799803	25.52118080528866	0.003129768084018674
73.0	25.453412647750444	24.68175562041789	24.321811382936318	25.54088740637141	0.002132942523934588
74.0	25.426182560596118	24.712309016693666	24.388961861867546	25.470781049784353	0.0017655110583196785
75.0	25.494927692467428	24.668263139823615	24.318507073598767	25.517489541525062	8.125525851264853E-4
76.0	25.487955183452115	24.636315409745695	24.34710912533533	25.52774858944969	8.716920171701036E-4
77.0	25.476639479450636	24.662280778847865	24.40334606505957	25.456396037229933	0.0013376394119946776
78.0	25.547817695426694	24.604012984354338	24.35565059239124	25.491101872217858	0.001416855609867152
79.0	25.541542097810655	24.580340446675166	24.384601948043777	25.492943851501387	5.716559690169455E-4
80.0	25.530829303455032	24.609381482445595	24.43418790905181	25.425477299829485	1.2400521807299654E-4
81.0	25.611933489050553	24.540425462983304	24.384700198127987	25.461713860446757	0.0012269893914031063
82.0	25.595418198363962	24.527143118679952	24.377882251679196	25.499150113867124	4.0631740976514625E-4
83.0	25.55931335254707	24.564978781189527	24.429713080706435	25.44299904181174	0.002995743745229359
84.0	25.64537259760426	24.51062794547576	24.351328750299384	25.492352463130054	3.182434905439237E-4
85.0	25.62611542095572	24.48744493931388	24.339663877068023	25.54420391798119	0.0025718446811826825
86.0	25.59015209499451	24.508625781972594	24.39275427527708	25.50694378214706	0.0015240656087567007
87.0	25.66081058007596	24.455128373555716	24.309358886680425	25.573264141643776	0.001438018044123632
88.0	25.634968917682464	24.431848173502463	24.32798159841277	25.6021134709076	0.003087839494703942
89.0	25.558928814007242	24.50188954171453	24.416673867481602	25.519718748360194	0.002789028436432915
90.0	25.53934612667279	24.494662356095652	24.355102238356448	25.608841249605685	0.0020480292694215843
91.0	25.47045793762182	24.430350822639667	24.35843296129667	25.740312565317776	4.457131240647498E-4
92.0	25.548828029257216	24.395501658308344	24.549562011470314	25.505416141266263	6.921596978641735E-4
93.0	25.50168101972634	24.429859675494477	24.471447545997712	25.593368359063117	0.003643399718354897
94.0	25.446940812807394	24.665041267241943	24.376523895825425	25.505020504343463	0.006473519781773194
95.0	24.928408335166615	24.84896079185945	24.738268577902577	25.47093309851187	0.013429196559482494
96.0	25.35449561177348	24.848194931097208	24.18587172589921	25.605207088527365	0.00623064270273475
97.0	25.342111032190445	24.758275896149087	24.575104237145915	25.320969362845247	0.003539471669304105
98.0	25.213253948620924	24.599701295924632	24.81164733659413	25.372116893853498	0.0032805250068204386
99.0	25.202617904350756	24.324285290633618	24.273594687254956	26.197825473426388	0.0016766443342824515
100.0	24.097870289272816	24.51752360811854	25.006852871971418	26.27287397902029	0.10487925161693573
